   0.00000000000000000000000000000000000        0.93840541747816530     
   9.77517105638980865478515625000000000E-0004  0.88852207943256678     
   1.95503421127796173095703125000000000E-0003   1.0477515891183240     
   2.93255131691694259643554687500000000E-0003  0.86662947629306553     
   3.91006842255592346191406250000000000E-0003  0.96784461945195766     
   4.88758552819490432739257812500000000E-0003  0.85588076367000743     
   5.86510263383388519287109375000000000E-0003  0.94917187391191193     
   6.84261973947286605834960937500000000E-0003   1.0634000803419630     
   7.82013684511184692382812500000000000E-0003  0.93854923308297922     
   8.79765395075082778930664062500000000E-0003  0.92879157784030841     
   9.77517105638980865478515625000000000E-0003  0.93814824533633168     
   1.07526881620287895202636718750000000E-0002   1.1254280073130700     
   1.17302052676677703857421875000000000E-0002  0.98525248180150760     
   1.27077223733067512512207031250000000E-0002  0.90655043811320146     
   1.36852394789457321166992187500000000E-0002   1.0111093485177216     
   1.46627565845847129821777343750000000E-0002  0.95246549907577682     
   1.56402736902236938476562500000000000E-0002   1.0543339821120630     
   1.66177907958626747131347656250000000E-0002   1.0513580842647663     
   1.75953079015016555786132812500000000E-0002   1.0469879857557971     
   1.85728250071406364440917968750000000E-0002   1.0156440677908964     
   1.95503421127796173095703125000000000E-0002   1.0682539877435397     
   2.05278592184185981750488281250000000E-0002   1.0160635456858360     
   2.15053763240575790405273437500000000E-0002   1.0467966485341011     
   2.24828934296965599060058593750000000E-0002  0.93177166366561126     
   2.34604105353355407714843750000000000E-0002  0.98764435889246194     
   2.44379276409745216369628906250000000E-0002   1.0549506442737684     
   2.54154447466135025024414062500000000E-0002   1.0230034400586625     
   2.63929618522524833679199218750000000E-0002  0.95890640770289792     
   2.73704789578914642333984375000000000E-0002  0.91617311243622335     
   2.83479960635304450988769531250000000E-0002   1.0294687029106444     
   2.93255131691694259643554687500000000E-0002  0.93521165198541567     
   3.03030302748084068298339843750000000E-0002  0.86546224653646986     
   3.12805473804473876953125000000000000E-0002  0.97058245132409304     
   3.22580644860863685607910156250000000E-0002  0.87112355757208437     
   3.32355815917253494262695312500000000E-0002   1.0852284144716218     
   3.42130986973643302917480468750000000E-0002   1.1452208996344257     
   3.51906158030033111572265625000000000E-0002   1.0293076005812436     
   3.61681329086422920227050781250000000E-0002   1.0907262015931765     
   3.71456500142812728881835937500000000E-0002  0.84602285327273563     
   3.81231671199202537536621093750000000E-0002   1.0266969098398648     
   3.91006842255592346191406250000000000E-0002  0.93511920180281405     
   4.00782013311982154846191406250000000E-0002  0.97385302892240144     
   4.10557184368371963500976562500000000E-0002  0.87900121602279935     
   4.20332355424761772155761718750000000E-0002   1.0338690430259116     
   4.30107526481151580810546875000000000E-0002  0.93030145461103464     
   4.39882697537541389465332031250000000E-0002   1.1143300904714804     
   4.49657868593931198120117187500000000E-0002  0.91498203595375105     
   4.59433039650321006774902343750000000E-0002  0.85722188605647354     
   4.69208210706710815429687500000000000E-0002  0.97358120635329515     
   4.78983381763100624084472656250000000E-0002  0.90318259185430172     
   4.88758552819490432739257812500000000E-0002  0.87784760329800393     
   4.98533723875880241394042968750000000E-0002   1.0240949905429022     
   5.08308894932270050048828125000000000E-0002   1.0031322567193728     
   5.18084065988659858703613281250000000E-0002  0.82357048547716905     
   5.27859237045049667358398437500000000E-0002   1.0228496767092241     
   5.37634408101439476013183593750000000E-0002   1.0479146104805992     
   5.47409579157829284667968750000000000E-0002  0.97873610531311295     
   5.57184750214219093322753906250000000E-0002  0.93679341789173554     
   5.66959921270608901977539062500000000E-0002  0.86079187964269732     
   5.76735092326998710632324218750000000E-0002  0.93605414420255606     
   5.86510263383388519287109375000000000E-0002  0.82094849391174329     
   5.96285434439778327941894531250000000E-0002   1.0233831249255179     
   6.06060605496168136596679687500000000E-0002  0.77798769326088257     
   6.15835776552557945251464843750000000E-0002  0.98916212192340380     
   6.25610947608947753906250000000000000E-0002  0.80011365343161545     
   6.35386118665337562561035156250000000E-0002  0.90260359369763687     
   6.45161289721727371215820312500000000E-0002  0.86543514529261456     
   6.54936460778117179870605468750000000E-0002  0.84500512398785577     
   6.64711631834506988525390625000000000E-0002   1.0390179398689292     
   6.74486802890896797180175781250000000E-0002  0.94115463262787591     
   6.84261973947286605834960937500000000E-0002  0.75293340628519057     
   6.94037145003676414489746093750000000E-0002  0.79951209927131428     
   7.03812316060066223144531250000000000E-0002  0.89991822989406589     
   7.13587487116456031799316406250000000E-0002  0.88532097480673289     
   7.23362658172845840454101562500000000E-0002  0.75792370753537353     
   7.33137829229235649108886718750000000E-0002  0.82025872963448565     
   7.42913000285625457763671875000000000E-0002  0.89738503016543003     
   7.52688171342015266418457031250000000E-0002  0.97747080904720041     
   7.62463342398405075073242187500000000E-0002  0.83060312370083111     
   7.72238513454794883728027343750000000E-0002  0.70548108141855903     
   7.82013684511184692382812500000000000E-0002  0.86571563332295454     
   7.91788855567574501037597656250000000E-0002  0.79937975255617655     
   8.01564026623964309692382812500000000E-0002  0.74585386451360947     
   8.11339197680354118347167968750000000E-0002  0.88166992230855923     
   8.21114368736743927001953125000000000E-0002  0.84436670439097217     
   8.30889539793133735656738281250000000E-0002  0.86615281819146439     
   8.40664710849523544311523437500000000E-0002  0.98161247215492842     
   8.50439881905913352966308593750000000E-0002  0.83346819294987362     
   8.60215052962303161621093750000000000E-0002  0.76707485079122595     
   8.69990224018692970275878906250000000E-0002  0.76669851130678235     
   8.79765395075082778930664062500000000E-0002  0.88600378859667217     
   8.89540566131472587585449218750000000E-0002  0.75816903224966881     
   8.99315737187862396240234375000000000E-0002  0.74756047207864562     
   9.09090908244252204895019531250000000E-0002  0.84278682999339005     
   9.18866079300642013549804687500000000E-0002  0.90876569757710668     
   9.28641250357031822204589843750000000E-0002  0.87224242350497971     
   9.38416421413421630859375000000000000E-0002  0.83421205697185030     
   9.48191592469811439514160156250000000E-0002  0.88790464122458834     
   9.57966763526201248168945312500000000E-0002  0.86189653403962296     
   9.67741934582591056823730468750000000E-0002  0.71223702145610523     
   9.77517105638980865478515625000000000E-0002  0.75319449506801583     
   9.87292276695370674133300781250000000E-0002  0.69166367182264010     
   9.97067447751760482788085937500000000E-0002  0.90028315525333458     
  0.100684261880815029144287109375000000        0.68075032429921811     
  0.101661778986454010009765625000000000        0.74817143173640166     
  0.102639296092092990875244140625000000        0.79647923909835827     
  0.103616813197731971740722656250000000        0.69533979186077532     
  0.104594330303370952606201171875000000        0.90555273995733043     
  0.105571847409009933471679687500000000        0.63284640952224769     
  0.106549364514648914337158203125000000        0.72770771059777095     
  0.107526881620287895202636718750000000        0.68599258704807042     
  0.108504398725926876068115234375000000        0.83475311363936688     
  0.109481915831565856933593750000000000        0.77412346868165371     
  0.110459432937204837799072265625000000        0.82222423526282962     
  0.111436950042843818664550781250000000        0.78967810716416631     
  0.112414467148482799530029296875000000        0.80407393617439649     
  0.113391984254121780395507812500000000        0.64995848250312527     
  0.114369501359760761260986328125000000        0.72389662492954199     
  0.115347018465399742126464843750000000        0.86346947986783151     
  0.116324535571038722991943359375000000        0.84947887471096539     
  0.117302052676677703857421875000000000        0.77150864782788597     
  0.118279569782316684722900390625000000        0.84206463182637625     
  0.119257086887955665588378906250000000        0.85038290537231043     
  0.120234603993594646453857421875000000        0.80046114233655974     
  0.121212121099233627319335937500000000        0.61306790376589437     
  0.122189638204872608184814453125000000        0.84950187069250926     
  0.123167155310511589050292968750000000        0.67230691688972044     
  0.124144672416150569915771484375000000        0.78981580050915323     
  0.125122189521789550781250000000000000        0.58354751544984285     
  0.126099706627428531646728515625000000        0.73251615499654721     
  0.127077223733067512512207031250000000        0.73441007409502868     
  0.128054740838706493377685546875000000        0.65531749563425445     
  0.129032257944345474243164062500000000        0.66714639490460270     
  0.130009775049984455108642578125000000        0.75998192099507955     
  0.130987292155623435974121093750000000        0.52435544223336117     
  0.131964809261262416839599609375000000        0.81449611400887079     
  0.132942326366901397705078125000000000        0.64473776916476344     
  0.133919843472540378570556640625000000        0.59396280493383047     
  0.134897360578179359436035156250000000        0.73446810932987372     
  0.135874877683818340301513671875000000        0.68431038548384171     
  0.136852394789457321166992187500000000        0.53098718613791673     
  0.137829911895096302032470703125000000        0.72752298501226631     
  0.138807429000735282897949218750000000        0.56749380655562054     
  0.139784946106374263763427734375000000        0.65380787567189391     
  0.140762463212013244628906250000000000        0.70907402762086436     
  0.141739980317652225494384765625000000        0.53898196376099849     
  0.142717497423291206359863281250000000        0.57793514655987488     
  0.143695014528930187225341796875000000        0.58767491425912310     
  0.144672531634569168090820312500000000        0.71694999128683079     
  0.145650048740208148956298828125000000        0.63522452320877165     
  0.146627565845847129821777343750000000        0.61196524032613853     
  0.147605082951486110687255859375000000        0.50722552999899617     
  0.148582600057125091552734375000000000        0.68479800189737916     
  0.149560117162764072418212890625000000        0.54128698919286067     
  0.150537634268403053283691406250000000        0.52089792145450053     
  0.151515151374042034149169921875000000        0.53543265670398754     
  0.152492668479681015014648437500000000        0.56484715141409969     
  0.153470185585319995880126953125000000        0.63403454502503331     
  0.154447702690958976745605468750000000        0.56414475538326059     
  0.155425219796597957611083984375000000        0.63457594176958865     
  0.156402736902236938476562500000000000        0.64183307622553720     
  0.157380254007875919342041015625000000        0.54355938243370727     
  0.158357771113514900207519531250000000        0.69894595194855313     
  0.159335288219153881072998046875000000        0.48206022808846716     
  0.160312805324792861938476562500000000        0.46412109528589185     
  0.161290322430431842803955078125000000        0.43967391947665968     
  0.162267839536070823669433593750000000        0.63413556044069685     
  0.163245356641709804534912109375000000        0.45310842290588027     
  0.164222873747348785400390625000000000        0.52756977229462965     
  0.165200390852987766265869140625000000        0.49243429507454206     
  0.166177907958626747131347656250000000        0.60388386337529532     
  0.167155425064265727996826171875000000        0.51646250081300227     
  0.168132942169904708862304687500000000        0.41267506455243452     
  0.169110459275543689727783203125000000        0.55466403648574658     
  0.170087976381182670593261718750000000        0.60732223935002949     
  0.171065493486821651458740234375000000        0.48498245504924542     
  0.172043010592460632324218750000000000        0.57112749185484868     
  0.173020527698099613189697265625000000        0.41686576429283484     
  0.173998044803738594055175781250000000        0.58588566823848498     
  0.174975561909377574920654296875000000        0.51943805870744619     
  0.175953079015016555786132812500000000        0.41514563453388398     
  0.176930596120655536651611328125000000        0.43111016336517161     
  0.177908113226294517517089843750000000        0.49952055306487586     
  0.178885630331933498382568359375000000        0.41507186127749263     
  0.179863147437572479248046875000000000        0.42736924063422355     
  0.180840664543211460113525390625000000        0.42673486859877507     
  0.181818181648850440979003906250000000        0.42596254371898734     
  0.182795698754489421844482421875000000        0.40760133278785432     
  0.183773215860128402709960937500000000        0.33357113532518973     
  0.184750732965767383575439453125000000        0.41826630626106132     
  0.185728250071406364440917968750000000        0.40988441871731485     
  0.186705767177045345306396484375000000        0.51766545742772396     
  0.187683284282684326171875000000000000        0.37891612966189803     
  0.188660801388323307037353515625000000        0.38921260758824605     
  0.189638318493962287902832031250000000        0.28411775986318066     
  0.190615835599601268768310546875000000        0.32674854640962414     
  0.191593352705240249633789062500000000        0.30373766955474868     
  0.192570869810879230499267578125000000        0.31827815294729500     
  0.193548386916518211364746093750000000        0.38123723659486014     
  0.194525904022157192230224609375000000        0.46163788777032488     
  0.195503421127796173095703125000000000        0.23448823450190071     
  0.196480938233435153961181640625000000        0.32441204102090881     
  0.197458455339074134826660156250000000        0.29068571843872676     
  0.198435972444713115692138671875000000        0.30331886271458908     
  0.199413489550352096557617187500000000        0.29293355449480979     
  0.200391006655991077423095703125000000        0.39670419271486723     
  0.201368523761630058288574218750000000        0.38673535281828025     
  0.202346040867269039154052734375000000        0.31748287030920597     
  0.203323557972908020019531250000000000        0.16640410775877756     
  0.204301075078547000885009765625000000        0.20326972215602296     
  0.205278592184185981750488281250000000        0.24415826170858207     
  0.206256109289824962615966796875000000        0.16603632792112843     
  0.207233626395463943481445312500000000        0.36246484496604070     
  0.208211143501102924346923828125000000        0.27762890309524213     
  0.209188660606741905212402343750000000        0.14205851432392491     
  0.210166177712380886077880859375000000        0.22533088514577404     
  0.211143694818019866943359375000000000        0.26414133466838130     
  0.212121211923658847808837890625000000        0.28958215939497622     
  0.213098729029297828674316406250000000        0.29343758445064339     
  0.214076246134936809539794921875000000        0.35745074281025191     
  0.215053763240575790405273437500000000        0.24253518078067715     
  0.216031280346214771270751953125000000        0.12061333363447835     
  0.217008797451853752136230468750000000        0.35440377665345291     
  0.217986314557492733001708984375000000        0.15775316965029756     
  0.218963831663131713867187500000000000        0.13331467955530807     
  0.219941348768770694732666015625000000        0.26629013038286309     
  0.220918865874409675598144531250000000        0.17410861869873612     
  0.221896382980048656463623046875000000        0.22152286087045481     
  0.222873900085687637329101562500000000         9.0648587110143453E-002
  0.223851417191326618194580078125000000        0.11473722064245132     
  0.224828934296965599060058593750000000        0.21277440307999909     
  0.225806451402604579925537109375000000        0.19522359790869226     
  0.226783968508243560791015625000000000        0.11930072536600281     
  0.227761485613882541656494140625000000        0.15476619648900675     
  0.228739002719521522521972656250000000        0.18321542112702194     
  0.229716519825160503387451171875000000        -1.0864270122164038E-002
  0.230694036930799484252929687500000000        0.19121871057326789     
  0.231671554036438465118408203125000000         4.2092765205651611E-002
  0.232649071142077445983886718750000000        0.21779563607417368     
  0.233626588247716426849365234375000000        -4.6284274520615287E-002
  0.234604105353355407714843750000000000        0.18872222946451567     
  0.235581622458994388580322265625000000        0.17359704642071450     
  0.236559139564633369445800781250000000        0.16705909207830033     
  0.237536656670272350311279296875000000         5.8909668538222215E-002
  0.238514173775911331176757812500000000        0.21858956766712431     
  0.239491690881550312042236328125000000        0.13993794295330292     
  0.240469207987189292907714843750000000         5.0794927858557659E-002
  0.241446725092828273773193359375000000         4.9353065277150360E-002
  0.242424242198467254638671875000000000         4.5516159039743986E-002
  0.243401759304106235504150390625000000         2.4829932363315071E-002
  0.244379276409745216369628906250000000        0.13730563374974822     
  0.245356793515384197235107421875000000         3.5333921764581583E-002
  0.246334310621023178100585937500000000         3.5668467700852191E-002
  0.247311827726662158966064453125000000         3.3906005694299642E-002
  0.248289344832301139831542968750000000        -1.1749059322924277E-002
  0.249266861937940120697021484375000000        -1.0677597978474805E-002
  0.250244379043579101562500000000000000         2.0436184234279689E-002
  0.251221896149218082427978515625000000        0.14527951056257940     
  0.252199413254857063293457031250000000        -8.4371366434636524E-002
  0.253176930360496044158935546875000000         8.5002234358224987E-002
  0.254154447466135025024414062500000000         3.6771077807749269E-002
  0.255131964571774005889892578125000000        -4.6047491033431642E-002
  0.256109481677412986755371093750000000       -0.12549437973815333     
  0.257086998783051967620849609375000000        -1.6688239172974711E-002
  0.258064515888690948486328125000000000        -3.4864314396093110E-002
  0.259042032994329929351806640625000000        -7.4661053947469053E-002
  0.260019550099968910217285156250000000        -4.8956500216300158E-002
  0.260997067205607891082763671875000000        -6.6950186024265904E-002
  0.261974584311246871948242187500000000        -8.2005822715548779E-002
  0.262952101416885852813720703125000000        -8.9325482188270494E-002
  0.263929618522524833679199218750000000        -7.6576112509642191E-002
  0.264907135628163814544677734375000000       -0.15338349165176540     
  0.265884652733802795410156250000000000       -0.24291862198298136     
  0.266862169839441776275634765625000000       -0.15043062733965720     
  0.267839686945080757141113281250000000        -6.5567336234148579E-002
  0.268817204050719738006591796875000000       -0.15373903958353516     
  0.269794721156358718872070312500000000       -0.12129940579355736     
  0.270772238261997699737548828125000000       -0.22935660732444879     
  0.271749755367636680603027343750000000        -9.8026261179314372E-002
  0.272727272473275661468505859375000000       -0.14507485817190438     
  0.273704789578914642333984375000000000        -8.8127687393771803E-002
  0.274682306684553623199462890625000000        -8.5133492880863249E-002
  0.275659823790192604064941406250000000        -5.7922651027131317E-002
  0.276637340895831584930419921875000000       -0.20002902416860202     
  0.277614858001470565795898437500000000       -0.25448464473081334     
  0.278592375107109546661376953125000000        -3.4889011255751501E-002
  0.279569892212748527526855468750000000       -0.19273688533647532     
  0.280547409318387508392333984375000000        -6.7721671076501982E-002
  0.281524926424026489257812500000000000       -0.21791070953006944     
  0.282502443529665470123291015625000000       -0.33586420327064892     
  0.283479960635304450988769531250000000       -0.17547958865478275     
  0.284457477740943431854248046875000000       -0.18566931398045097     
  0.285434994846582412719726562500000000       -0.11556735595827866     
  0.286412511952221393585205078125000000       -0.29308968646497668     
  0.287390029057860374450683593750000000       -0.35245080937651641     
  0.288367546163499355316162109375000000       -0.25261985332850301     
  0.289345063269138336181640625000000000       -0.24691795858548210     
  0.290322580374777317047119140625000000       -0.34859820797449731     
  0.291300097480416297912597656250000000       -0.27448147123799826     
  0.292277614586055278778076171875000000       -0.22694775542473883     
  0.293255131691694259643554687500000000       -0.10058716544273527     
  0.294232648797333240509033203125000000       -0.34749928486632825     
  0.295210165902972221374511718750000000       -0.40865215754439516     
  0.296187683008611202239990234375000000       -0.19487844157428957     
  0.297165200114250183105468750000000000       -0.36895286903414326     
  0.298142717219889163970947265625000000       -0.36846657184593556     
  0.299120234325528144836425781250000000       -0.23544618291509994     
  0.300097751431167125701904296875000000       -0.47424992357518791     
  0.301075268536806106567382812500000000       -0.20358488334060371     
  0.302052785642445087432861328125000000       -0.36459503654544601     
  0.303030302748084068298339843750000000       -0.36808776442832952     
  0.304007819853723049163818359375000000       -0.27638374879777960     
  0.304985336959362030029296875000000000       -0.27989939603417668     
  0.305962854065001010894775390625000000       -0.26476434240426683     
  0.306940371170639991760253906250000000       -0.40040114231414309     
  0.307917888276278972625732421875000000       -0.29389189199277915     
  0.308895405381917953491210937500000000       -0.28851049639319232     
  0.309872922487556934356689453125000000       -0.32859677681289801     
  0.310850439593195915222167968750000000       -0.36430877910314058     
  0.311827956698834896087646484375000000       -0.29702935283483350     
  0.312805473804473876953125000000000000       -0.41113142797363034     
  0.313782990910112857818603515625000000       -0.46548777269750358     
  0.314760508015751838684082031250000000       -0.35513157913102750     
  0.315738025121390819549560546875000000       -0.51895543450124926     
  0.316715542227029800415039062500000000       -0.39990426466198870     
  0.317693059332668781280517578125000000       -0.46326612230965836     
  0.318670576438307762145996093750000000       -0.28439217116085430     
  0.319648093543946743011474609375000000       -0.29628544185982203     
  0.320625610649585723876953125000000000       -0.52530914520875427     
  0.321603127755224704742431640625000000       -0.33737216186282037     
  0.322580644860863685607910156250000000       -0.33983436891169472     
  0.323558161966502666473388671875000000       -0.49080259979663354     
  0.324535679072141647338867187500000000       -0.60570876351548908     
  0.325513196177780628204345703125000000       -0.61708200617051323     
  0.326490713283419609069824218750000000       -0.42887977302976948     
  0.327468230389058589935302734375000000       -0.44042795039069232     
  0.328445747494697570800781250000000000       -0.48924378303169946     
  0.329423264600336551666259765625000000       -0.48606634404028104     
  0.330400781705975532531738281250000000       -0.46007791191362468     
  0.331378298811614513397216796875000000       -0.43261731898049971     
  0.332355815917253494262695312500000000       -0.34353693349636100     
  0.333333333022892475128173828125000000       -0.48432129556051562     
  0.334310850128531455993652343750000000       -0.58564313189334083     
  0.335288367234170436859130859375000000       -0.52695132189239879     
  0.336265884339809417724609375000000000       -0.64497371939096848     
  0.337243401445448398590087890625000000       -0.42545669234455252     
  0.338220918551087379455566406250000000       -0.57280965250355287     
  0.339198435656726360321044921875000000       -0.64910939378957777     
  0.340175952762365341186523437500000000       -0.56002998505043133     
  0.341153469868004322052001953125000000       -0.52335568616327288     
  0.342130986973643302917480468750000000       -0.47055803034184540     
  0.343108504079282283782958984375000000       -0.42152903933777564     
  0.344086021184921264648437500000000000       -0.53551878142738785     
  0.345063538290560245513916015625000000       -0.60314981964471392     
  0.346041055396199226379394531250000000       -0.47939003089314558     
  0.347018572501838207244873046875000000       -0.47844921446770505     
  0.347996089607477188110351562500000000       -0.49538380767187229     
  0.348973606713116168975830078125000000       -0.53324370993352410     
  0.349951123818755149841308593750000000       -0.66207401407371591     
  0.350928640924394130706787109375000000       -0.43306008577967969     
  0.351906158030033111572265625000000000       -0.71410298082617230     
  0.352883675135672092437744140625000000       -0.66987325407047138     
  0.353861192241311073303222656250000000       -0.57392767197171968     
  0.354838709346950054168701171875000000       -0.58591842861458199     
  0.355816226452589035034179687500000000       -0.74528602053066551     
  0.356793743558228015899658203125000000       -0.65768712136635021     
  0.357771260663866996765136718750000000       -0.70902009741659344     
  0.358748777769505977630615234375000000       -0.56426131186182593     
  0.359726294875144958496093750000000000       -0.57206648123048054     
  0.360703811980783939361572265625000000       -0.64725523783980898     
  0.361681329086422920227050781250000000       -0.71850777458113857     
  0.362658846192061901092529296875000000       -0.52443818325747982     
  0.363636363297700881958007812500000000       -0.51958111092799264     
  0.364613880403339862823486328125000000       -0.59972862637294988     
  0.365591397508978843688964843750000000       -0.80657977436266037     
  0.366568914614617824554443359375000000       -0.66884884030563962     
  0.367546431720256805419921875000000000       -0.65920320956593226     
  0.368523948825895786285400390625000000       -0.69782159941284849     
  0.369501465931534767150878906250000000       -0.74277440267892025     
  0.370478983037173748016357421875000000       -0.67022035269866276     
  0.371456500142812728881835937500000000       -0.75477924546942821     
  0.372434017248451709747314453125000000       -0.65018907282958815     
  0.373411534354090690612792968750000000       -0.63691923266036476     
  0.374389051459729671478271484375000000       -0.76953079336270580     
  0.375366568565368652343750000000000000       -0.59541266139479732     
  0.376344085671007633209228515625000000       -0.65067727541334719     
  0.377321602776646614074707031250000000       -0.72098964759432582     
  0.378299119882285594940185546875000000       -0.73802709951632151     
  0.379276636987924575805664062500000000       -0.72621206853232689     
  0.380254154093563556671142578125000000       -0.70908160177244861     
  0.381231671199202537536621093750000000       -0.88633008149010462     
  0.382209188304841518402099609375000000       -0.72731883794880381     
  0.383186705410480499267578125000000000       -0.74892122482447177     
  0.384164222516119480133056640625000000       -0.72417151257735468     
  0.385141739621758460998535156250000000       -0.74711108619484179     
  0.386119256727397441864013671875000000       -0.70237852899889675     
  0.387096773833036422729492187500000000       -0.70219621859521897     
  0.388074290938675403594970703125000000       -0.65242294797615219     
  0.389051808044314384460449218750000000       -0.87145299404436460     
  0.390029325149953365325927734375000000       -0.84212130188605805     
  0.391006842255592346191406250000000000       -0.81031519721165923     
  0.391984359361231327056884765625000000       -0.74236057840581871     
  0.392961876466870307922363281250000000       -0.62834933842654617     
  0.393939393572509288787841796875000000       -0.91392285665738826     
  0.394916910678148269653320312500000000       -0.81441272276929377     
  0.395894427783787250518798828125000000       -0.83797200181690668     
  0.396871944889426231384277343750000000       -0.88553949082805805     
  0.397849461995065212249755859375000000       -0.94200641612000846     
  0.398826979100704193115234375000000000       -0.83020159618851863     
  0.399804496206343173980712890625000000       -0.81495710737636928     
  0.400782013311982154846191406250000000       -0.90756264782748686     
  0.401759530417621135711669921875000000       -0.89609471770784355     
  0.402737047523260116577148437500000000       -0.74208062467882974     
  0.403714564628899097442626953125000000       -0.73786838599708338     
  0.404692081734538078308105468750000000       -0.83313929363331685     
  0.405669598840177059173583984375000000       -0.76950917551459108     
  0.406647115945816040039062500000000000       -0.72601948066357669     
  0.407624633051455020904541015625000000       -0.70462463576916201     
  0.408602150157094001770019531250000000       -0.89668713541508749     
  0.409579667262732982635498046875000000       -0.90635719016492455     
  0.410557184368371963500976562500000000       -0.96022535918557994     
  0.411534701474010944366455078125000000       -0.76399529703957925     
  0.412512218579649925231933593750000000       -0.91608555469179842     
  0.413489735685288906097412109375000000       -0.81244283793571637     
  0.414467252790927886962890625000000000       -0.79904142912118148     
  0.415444769896566867828369140625000000       -0.83743454361689351     
  0.416422287002205848693847656250000000       -0.83900907646438527     
  0.417399804107844829559326171875000000       -0.96464795845606632     
  0.418377321213483810424804687500000000       -0.82889870240154284     
  0.419354838319122791290283203125000000       -0.94818776492201184     
  0.420332355424761772155761718750000000       -0.88357154493297063     
  0.421309872530400753021240234375000000       -0.89104015350969912     
  0.422287389636039733886718750000000000       -0.75382669023847881     
  0.423264906741678714752197265625000000        -1.0168301360657814     
  0.424242423847317695617675781250000000       -0.95686182879401327     
  0.425219940952956676483154296875000000       -0.87614148610717013     
  0.426197458058595657348632812500000000       -0.78680179031205733     
  0.427174975164234638214111328125000000       -0.87992130281736713     
  0.428152492269873619079589843750000000       -0.98592866141927438     
  0.429130009375512599945068359375000000       -0.94057734581431263     
  0.430107526481151580810546875000000000       -0.86182518307181155     
  0.431085043586790561676025390625000000       -0.83435115430746909     
  0.432062560692429542541503906250000000       -0.97038970803255964     
  0.433040077798068523406982421875000000        -1.0259901862784351     
  0.434017594903707504272460937500000000       -0.97251560859834196     
  0.434995112009346485137939453125000000        -1.0755673291613914     
  0.435972629114985466003417968750000000       -0.75809560979621238     
  0.436950146220624446868896484375000000       -0.95787321927149061     
  0.437927663326263427734375000000000000       -0.76568589109334551     
  0.438905180431902408599853515625000000       -0.86697222731696211     
  0.439882697537541389465332031250000000       -0.90750435387560169     
  0.440860214643180370330810546875000000       -0.91456909601224889     
  0.441837731748819351196289062500000000       -0.96545967065440375     
  0.442815248854458332061767578125000000       -0.94632878455426006     
  0.443792765960097312927246093750000000       -0.79889502834892523     
  0.444770283065736293792724609375000000       -0.82177306599021371     
  0.445747800171375274658203125000000000       -0.95577550016597956     
  0.446725317277014255523681640625000000        -1.1208350460553367     
  0.447702834382653236389160156250000000        -1.0719376708932180     
  0.448680351488292217254638671875000000       -0.87274077462997801     
  0.449657868593931198120117187500000000       -0.97741232346269802     
  0.450635385699570178985595703125000000       -0.82322526169681665     
  0.451612902805209159851074218750000000       -0.97098870933897596     
  0.452590419910848140716552734375000000        -1.0866202739417461     
  0.453567937016487121582031250000000000       -0.96383240427016581     
  0.454545454122126102447509765625000000       -0.92595458180830992     
  0.455522971227765083312988281250000000        -1.0476825195226565     
  0.456500488333404064178466796875000000       -0.97806986416774389     
  0.457478005439043045043945312500000000       -0.94571906057131983     
  0.458455522544682025909423828125000000       -0.84161534332572507     
  0.459433039650321006774902343750000000       -0.93692865216465582     
  0.460410556755959987640380859375000000        -1.0349354161268041     
  0.461388073861598968505859375000000000        -1.0931158166274988     
  0.462365590967237949371337890625000000       -0.89026255668560250     
  0.463343108072876930236816406250000000       -0.90374709027599964     
  0.464320625178515911102294921875000000       -0.97855894728641224     
  0.465298142284154891967773437500000000       -0.91844601256125424     
  0.466275659389793872833251953125000000       -0.88832427616267162     
  0.467253176495432853698730468750000000       -0.86461575967587756     
  0.468230693601071834564208984375000000       -0.97439627974860155     
  0.469208210706710815429687500000000000       -0.85493056046695926     
  0.470185727812349796295166015625000000       -0.86201003517632691     
  0.471163244917988777160644531250000000        -1.0632598974459031     
  0.472140762023627758026123046875000000       -0.88749202782163583     
  0.473118279129266738891601562500000000        -1.0129132681954016     
  0.474095796234905719757080078125000000        -1.0469002437998913     
  0.475073313340544700622558593750000000        -1.0262324158845373     
  0.476050830446183681488037109375000000        -1.0552425298924866     
  0.477028347551822662353515625000000000        -1.0479134648751627     
  0.478005864657461643218994140625000000        -1.0147570143187257     
  0.478983381763100624084472656250000000       -0.93489149234768898     
  0.479960898868739604949951171875000000       -0.90270983626873358     
  0.480938415974378585815429687500000000        -1.0541698314561940     
  0.481915933080017566680908203125000000       -0.92070807648771746     
  0.482893450185656547546386718750000000        -1.0357536503490274     
  0.483870967291295528411865234375000000       -0.94165089996600659     
  0.484848484396934509277343750000000000        -1.0083816677004136     
  0.485826001502573490142822265625000000        -1.0083634726282851     
  0.486803518608212471008300781250000000       -0.98450391342942922     
  0.487781035713851451873779296875000000        -1.0238031506713865     
  0.488758552819490432739257812500000000       -0.92406952379210261     
  0.489736069925129413604736328125000000        -1.0458928590078127     
  0.490713587030768394470214843750000000       -0.97112080201508078     
  0.491691104136407375335693359375000000        -1.1046311978929864     
  0.492668621242046356201171875000000000       -0.94160091370314947     
  0.493646138347685337066650390625000000       -0.97607463066301914     
  0.494623655453324317932128906250000000       -0.99639104440840998     
  0.495601172558963298797607421875000000        -1.0298556066554418     
  0.496578689664602279663085937500000000        -1.0427336542753385     
  0.497556206770241260528564453125000000        -1.0058326856625768     
  0.498533723875880241394042968750000000        -1.0154549687386141     
  0.499511240981519222259521484375000000       -0.91065479652498660     
  0.500488758087158203125000000000000000       -0.91715186114887981     
  0.501466275192797183990478515625000000        -1.1351051414740954     
  0.502443792298436164855957031250000000        -1.0440310418571843     
  0.503421309404075145721435546875000000        -1.1007226416509996     
  0.504398826509714126586914062500000000       -0.98318229766874377     
  0.505376343615353107452392578125000000       -0.90880317856623716     
  0.506353860720992088317871093750000000       -0.97586300464773246     
  0.507331377826631069183349609375000000        -1.0681731133698604     
  0.508308894932270050048828125000000000       -0.96925902592310742     
  0.509286412037909030914306640625000000       -0.99274924103353990     
  0.510263929143548011779785156250000000       -0.94829681226581408     
  0.511241446249186992645263671875000000       -0.94164220708201496     
  0.512218963354825973510742187500000000        -1.0436797310480155     
  0.513196480460464954376220703125000000       -0.91383150751125375     
  0.514173997566103935241699218750000000       -0.90678730122071061     
  0.515151514671742916107177734375000000       -0.98069799494643795     
  0.516129031777381896972656250000000000        -1.0993963691692696     
  0.517106548883020877838134765625000000        -1.0183513835584628     
  0.518084065988659858703613281250000000        -1.0067625328236645     
  0.519061583094298839569091796875000000       -0.93253107026163218     
  0.520039100199937820434570312500000000       -0.96762848941171564     
  0.521016617305576801300048828125000000       -0.88288768748135138     
  0.521994134411215782165527343750000000        -1.0018576834617390     
  0.522971651516854763031005859375000000       -0.92087305515473628     
  0.523949168622493743896484375000000000        -1.0828758887404053     
  0.524926685728132724761962890625000000       -0.88118018914882701     
  0.525904202833771705627441406250000000       -0.98580844159466807     
  0.526881719939410686492919921875000000       -0.98360817263277067     
  0.527859237045049667358398437500000000       -0.87071675320372299     
  0.528836754150688648223876953125000000       -0.87731935347960954     
  0.529814271256327629089355468750000000        -1.0625386253177294     
  0.530791788361966609954833984375000000        -1.1060359278676601     
  0.531769305467605590820312500000000000        -1.0965592843425265     
  0.532746822573244571685791015625000000        -1.0272701319281659     
  0.533724339678883552551269531250000000        -1.0589594874315604     
  0.534701856784522533416748046875000000        -1.0711946862724133     
  0.535679373890161514282226562500000000       -0.95656243648748851     
  0.536656890995800495147705078125000000       -0.93373258796591008     
  0.537634408101439476013183593750000000       -0.93258142383724529     
  0.538611925207078456878662109375000000       -0.87273470775675344     
  0.539589442312717437744140625000000000       -0.99722004216192217     
  0.540566959418356418609619140625000000       -0.95388365222038507     
  0.541544476523995399475097656250000000        -1.0205065139314775     
  0.542521993629634380340576171875000000       -0.82377859155079958     
  0.543499510735273361206054687500000000       -0.87301401318260741     
  0.544477027840912342071533203125000000       -0.94635776898966828     
  0.545454544946551322937011718750000000       -0.95275014053911145     
  0.546432062052190303802490234375000000       -0.90607425862709934     
  0.547409579157829284667968750000000000       -0.84469054688632905     
  0.548387096263468265533447265625000000       -0.99170603226195997     
  0.549364613369107246398925781250000000       -0.97913824717503084     
  0.550342130474746227264404296875000000       -0.94638078391319080     
  0.551319647580385208129882812500000000       -0.94554791505472935     
  0.552297164686024188995361328125000000       -0.96952716231957614     
  0.553274681791663169860839843750000000       -0.92972606900107879     
  0.554252198897302150726318359375000000       -0.83462239831779139     
  0.555229716002941131591796875000000000       -0.93849002674010551     
  0.556207233108580112457275390625000000       -0.80561573454750091     
  0.557184750214219093322753906250000000        -1.0217199581038849     
  0.558162267319858074188232421875000000       -0.94793925264793133     
  0.559139784425497055053710937500000000        -1.0206242906557699     
  0.560117301531136035919189453125000000       -0.80644308717491320     
  0.561094818636775016784667968750000000       -0.97717989933458393     
  0.562072335742413997650146484375000000       -0.79203527961566667     
  0.563049852848052978515625000000000000        -1.0701508107695892     
  0.564027369953691959381103515625000000       -0.86591818980294222     
  0.565004887059330940246582031250000000       -0.81768199470109060     
  0.565982404164969921112060546875000000       -0.95261593154582569     
  0.566959921270608901977539062500000000        -1.0480836759256755     
  0.567937438376247882843017578125000000       -0.87899572056668640     
  0.568914955481886863708496093750000000       -0.93178519697259332     
  0.569892472587525844573974609375000000       -0.92613765647861945     
  0.570869989693164825439453125000000000       -0.85605248712805326     
  0.571847506798803806304931640625000000       -0.92805502135991480     
  0.572825023904442787170410156250000000       -0.83641443978642838     
  0.573802541010081768035888671875000000       -0.76799546119626894     
  0.574780058115720748901367187500000000       -0.82102554771110137     
  0.575757575221359729766845703125000000       -0.80264486476240060     
  0.576735092326998710632324218750000000       -0.96340388686576817     
  0.577712609432637691497802734375000000       -0.96019968816326262     
  0.578690126538276672363281250000000000       -0.85478507823948802     
  0.579667643643915653228759765625000000       -0.82705833554662589     
  0.580645160749554634094238281250000000       -0.86417462626015218     
  0.581622677855193614959716796875000000       -0.92214702558835770     
  0.582600194960832595825195312500000000       -0.82284907017317721     
  0.583577712066471576690673828125000000       -0.87274497856366640     
  0.584555229172110557556152343750000000       -0.79749194360935238     
  0.585532746277749538421630859375000000       -0.89772370757024755     
  0.586510263383388519287109375000000000       -0.72385198737278067     
  0.587487780489027500152587890625000000       -0.86898852128047122     
  0.588465297594666481018066406250000000       -0.80477205347119585     
  0.589442814700305461883544921875000000       -0.80140944693304672     
  0.590420331805944442749023437500000000       -0.88568486326063800     
  0.591397848911583423614501953125000000       -0.82624990830531009     
  0.592375366017222404479980468750000000       -0.86866244813132598     
  0.593352883122861385345458984375000000       -0.85068148146339773     
  0.594330400228500366210937500000000000       -0.89959686198701039     
  0.595307917334139347076416015625000000       -0.82584067274583284     
  0.596285434439778327941894531250000000       -0.71181770594994354     
  0.597262951545417308807373046875000000       -0.75153530143206382     
  0.598240468651056289672851562500000000       -0.75143112851101435     
  0.599217985756695270538330078125000000       -0.80030217584310870     
  0.600195502862334251403808593750000000       -0.81536502068439165     
  0.601173019967973232269287109375000000       -0.69418387451495056     
  0.602150537073612213134765625000000000       -0.71674745326776745     
  0.603128054179251194000244140625000000       -0.65727001618187075     
  0.604105571284890174865722656250000000       -0.66013685156702473     
  0.605083088390529155731201171875000000       -0.86093879797641082     
  0.606060605496168136596679687500000000       -0.74875899312152505     
  0.607038122601807117462158203125000000       -0.94198357118115028     
  0.608015639707446098327636718750000000       -0.92750441459942479     
  0.608993156813085079193115234375000000       -0.71327655175232718     
  0.609970673918724060058593750000000000       -0.63110932030912159     
  0.610948191024363040924072265625000000       -0.71754409123181062     
  0.611925708130002021789550781250000000       -0.72882752796488315     
  0.612903225235641002655029296875000000       -0.76452671756375379     
  0.613880742341279983520507812500000000       -0.69258256788348804     
  0.614858259446918964385986328125000000       -0.74854792609110699     
  0.615835776552557945251464843750000000       -0.82966968522157591     
  0.616813293658196926116943359375000000       -0.73488216924848526     
  0.617790810763835906982421875000000000       -0.76352836010903824     
  0.618768327869474887847900390625000000       -0.64965730041238157     
  0.619745844975113868713378906250000000       -0.75279697838039905     
  0.620723362080752849578857421875000000       -0.86881227368422187     
  0.621700879186391830444335937500000000       -0.85105383906961429     
  0.622678396292030811309814453125000000       -0.62084918555981039     
  0.623655913397669792175292968750000000       -0.63880367290138040     
  0.624633430503308773040771484375000000       -0.65817010844408907     
  0.625610947608947753906250000000000000       -0.80353280709271924     
  0.626588464714586734771728515625000000       -0.83522346435782191     
  0.627565981820225715637207031250000000       -0.63858422134887061     
  0.628543498925864696502685546875000000       -0.59733288181843958     
  0.629521016031503677368164062500000000       -0.59315000395335271     
  0.630498533137142658233642578125000000       -0.67385093600547696     
  0.631476050242781639099121093750000000       -0.65281022018268975     
  0.632453567348420619964599609375000000       -0.63329655567117182     
  0.633431084454059600830078125000000000       -0.69183184466142367     
  0.634408601559698581695556640625000000       -0.57247581760809463     
  0.635386118665337562561035156250000000       -0.58316245900977626     
  0.636363635770976543426513671875000000       -0.63720070456078282     
  0.637341152876615524291992187500000000       -0.60434160793597724     
  0.638318669982254505157470703125000000       -0.62160726959498247     
  0.639296187087893486022949218750000000       -0.45567438364031077     
  0.640273704193532466888427734375000000       -0.61263711369195406     
  0.641251221299171447753906250000000000       -0.72731723809952387     
  0.642228738404810428619384765625000000       -0.54337533435539331     
  0.643206255510449409484863281250000000       -0.73021504998879561     
  0.644183772616088390350341796875000000       -0.65881486415512092     
  0.645161289721727371215820312500000000       -0.74441372663329275     
  0.646138806827366352081298828125000000       -0.53457775029141530     
  0.647116323933005332946777343750000000       -0.61853885685608068     
  0.648093841038644313812255859375000000       -0.67745619766592580     
  0.649071358144283294677734375000000000       -0.65296628094071762     
  0.650048875249922275543212890625000000       -0.47874400865261435     
  0.651026392355561256408691406250000000       -0.56729729856482647     
  0.652003909461200237274169921875000000       -0.51582863339133300     
  0.652981426566839218139648437500000000       -0.66728540372289724     
  0.653958943672478199005126953125000000       -0.52091987235730663     
  0.654936460778117179870605468750000000       -0.41535356475880914     
  0.655913977883756160736083984375000000       -0.45894329238827769     
  0.656891494989395141601562500000000000       -0.46387591451606858     
  0.657869012095034122467041015625000000       -0.61671669186518641     
  0.658846529200673103332519531250000000       -0.65600522352222101     
  0.659824046306312084197998046875000000       -0.51830800782652142     
  0.660801563411951065063476562500000000       -0.46778315872530285     
  0.661779080517590045928955078125000000       -0.40557780682195266     
  0.662756597623229026794433593750000000       -0.48738167645726982     
  0.663734114728868007659912109375000000       -0.46089121767520769     
  0.664711631834506988525390625000000000       -0.62043060165683128     
  0.665689148940145969390869140625000000       -0.39643739267245837     
  0.666666666045784950256347656250000000       -0.42839425010583598     
  0.667644183151423931121826171875000000       -0.58784358747906695     
  0.668621700257062911987304687500000000       -0.37541154228940554     
  0.669599217362701892852783203125000000       -0.43622381012183703     
  0.670576734468340873718261718750000000       -0.54495305037684427     
  0.671554251573979854583740234375000000       -0.42444358565606544     
  0.672531768679618835449218750000000000       -0.43030842733679320     
  0.673509285785257816314697265625000000       -0.48376541078536467     
  0.674486802890896797180175781250000000       -0.56182127133358062     
  0.675464319996535778045654296875000000       -0.46138654515970329     
  0.676441837102174758911132812500000000       -0.51121596380057577     
  0.677419354207813739776611328125000000       -0.44084612039517262     
  0.678396871313452720642089843750000000       -0.44043926407993134     
  0.679374388419091701507568359375000000       -0.44606242026642617     
  0.680351905524730682373046875000000000       -0.41152658421365845     
  0.681329422630369663238525390625000000       -0.39458104679798839     
  0.682306939736008644104003906250000000       -0.46158301169127475     
  0.683284456841647624969482421875000000       -0.40305178079639142     
  0.684261973947286605834960937500000000       -0.46879659569891663     
  0.685239491052925586700439453125000000       -0.27761739655893120     
  0.686217008158564567565917968750000000       -0.32850260234258288     
  0.687194525264203548431396484375000000       -0.24413189225742099     
  0.688172042369842529296875000000000000       -0.38900476798807743     
  0.689149559475481510162353515625000000       -0.25515987663368500     
  0.690127076581120491027832031250000000       -0.33536095932778637     
  0.691104593686759471893310546875000000       -0.45211670662550119     
  0.692082110792398452758789062500000000       -0.43486749611008957     
  0.693059627898037433624267578125000000       -0.38266392413106992     
  0.694037145003676414489746093750000000       -0.40070330470829385     
  0.695014662109315395355224609375000000       -0.38999593759927914     
  0.695992179214954376220703125000000000       -0.39345810050875801     
  0.696969696320593357086181640625000000       -0.35905758769584190     
  0.697947213426232337951660156250000000       -0.25388565304133559     
  0.698924730531871318817138671875000000       -0.34806609668279143     
  0.699902247637510299682617187500000000       -0.36457882258910029     
  0.700879764743149280548095703125000000       -0.38756859651761316     
  0.701857281848788261413574218750000000       -0.30764723805759042     
  0.702834798954427242279052734375000000       -0.41847909398924821     
  0.703812316060066223144531250000000000       -0.38456390176993183     
  0.704789833165705204010009765625000000       -0.22641608544083097     
  0.705767350271344184875488281250000000       -0.38765707992159903     
  0.706744867376983165740966796875000000       -0.19431396641471360     
  0.707722384482622146606445312500000000       -0.30778200284556245     
  0.708699901588261127471923828125000000       -0.17247010698493681     
  0.709677418693900108337402343750000000        -6.3104468185608220E-002
  0.710654935799539089202880859375000000       -0.20199776410910020     
  0.711632452905178070068359375000000000       -0.20960690895386672     
  0.712609970010817050933837890625000000       -0.32847735421676350     
  0.713587487116456031799316406250000000       -0.37575047358841585     
  0.714565004222095012664794921875000000       -0.11146147912310911     
  0.715542521327733993530273437500000000        -8.9488625957542256E-002
  0.716520038433372974395751953125000000       -0.21341566522452127     
  0.717497555539011955261230468750000000       -0.18055054839948032     
  0.718475072644650936126708984375000000       -0.20167345818914997     
  0.719452589750289916992187500000000000        -6.4897592455532643E-002
  0.720430106855928897857666015625000000        -5.1354259334052854E-002
  0.721407623961567878723144531250000000       -0.10065674151367821     
  0.722385141067206859588623046875000000       -0.25567760082967511     
  0.723362658172845840454101562500000000       -0.16703494559053209     
  0.724340175278484821319580078125000000       -0.19104557574483877     
  0.725317692384123802185058593750000000       -0.24062437599755138     
  0.726295209489762783050537109375000000        -3.8581124003896849E-002
  0.727272726595401763916015625000000000        -2.6813733584078875E-002
  0.728250243701040744781494140625000000       -0.18142926786607042     
  0.729227760806679725646972656250000000        -2.9294480447670301E-002
  0.730205277912318706512451171875000000       -0.20040114155945382     
  0.731182795017957687377929687500000000       -0.10778443571992799     
  0.732160312123596668243408203125000000        -5.9978551981767741E-002
  0.733137829229235649108886718750000000       -0.21573320773014631     
  0.734115346334874629974365234375000000        -5.7806765985556494E-002
  0.735092863440513610839843750000000000        -5.2637466791473631E-003
  0.736070380546152591705322265625000000        -9.8879966051631657E-002
  0.737047897651791572570800781250000000       -0.13197406630409811     
  0.738025414757430553436279296875000000        -7.5823419297891714E-002
  0.739002931863069534301757812500000000        -1.2536802395003724E-002
  0.739980448968708515167236328125000000       -0.18807315992056059     
  0.740957966074347496032714843750000000       -0.17931107354582823     
  0.741935483179986476898193359375000000         9.0541323831779263E-002
  0.742913000285625457763671875000000000        -7.8694308115162620E-002
  0.743890517391264438629150390625000000        0.11485702108192877     
  0.744868034496903419494628906250000000        0.14418539432984759     
  0.745845551602542400360107421875000000       -0.14616038607081591     
  0.746823068708181381225585937500000000        -4.7538725831037743E-002
  0.747800585813820362091064453125000000       -0.19966663424258976     
  0.748778102919459342956542968750000000         5.8963515090982785E-003
  0.749755620025098323822021484375000000         1.5995157494530510E-004
  0.750733137130737304687500000000000000        -1.7812576333004759E-003
  0.751710654236376285552978515625000000        -2.5038038903741650E-002
  0.752688171342015266418457031250000000         6.9283888547106071E-002
  0.753665688447654247283935546875000000         4.2652270961986025E-002
  0.754643205553293228149414062500000000        -5.0824788783784221E-002
  0.755620722658932209014892578125000000        -4.7073564424429670E-003
  0.756598239764571189880371093750000000        -3.4832620793953523E-002
  0.757575756870210170745849609375000000        -3.0877334800972073E-002
  0.758553273975849151611328125000000000        0.11149286457009630     
  0.759530791081488132476806640625000000         7.6876187237794741E-002
  0.760508308187127113342285156250000000         4.2016484226822692E-002
  0.761485825292766094207763671875000000         8.1857926326279390E-002
  0.762463342398405075073242187500000000        -5.8666640613885199E-002
  0.763440859504044055938720703125000000         5.8935095563952308E-002
  0.764418376609683036804199218750000000         3.2939370154053071E-002
  0.765395893715322017669677734375000000        0.15783901219572832     
  0.766373410820960998535156250000000000         3.0184917314025395E-002
  0.767350927926599979400634765625000000        0.15682920333068523     
  0.768328445032238960266113281250000000         1.8567349463895655E-002
  0.769305962137877941131591796875000000        0.21257053645872548     
  0.770283479243516921997070312500000000        0.17122678386853571     
  0.771260996349155902862548828125000000         1.7026412807968377E-002
  0.772238513454794883728027343750000000        0.18436608695691237     
  0.773216030560433864593505859375000000        0.10671605603743584     
  0.774193547666072845458984375000000000        0.22278907571607326     
  0.775171064771711826324462890625000000        0.11055923013372190     
  0.776148581877350807189941406250000000        0.16016754499253846     
  0.777126098982989788055419921875000000         4.0278719014480602E-002
  0.778103616088628768920898437500000000         9.1039451972858620E-002
  0.779081133194267749786376953125000000        0.30001088450401714     
  0.780058650299906730651855468750000000        0.15357722055080139     
  0.781036167405545711517333984375000000        0.21494272010815924     
  0.782013684511184692382812500000000000        0.12771638818704240     
  0.782991201616823673248291015625000000        0.20130528419852300     
  0.783968718722462654113769531250000000        0.24546927220451153     
  0.784946235828101634979248046875000000        0.12422589635237619     
  0.785923752933740615844726562500000000         7.8185438176884531E-002
  0.786901270039379596710205078125000000        0.31907748756255827     
  0.787878787145018577575683593750000000        0.22691212845131437     
  0.788856304250657558441162109375000000        0.13114704341061756     
  0.789833821356296539306640625000000000        0.38099337175195336     
  0.790811338461935520172119140625000000        0.24475999436201579     
  0.791788855567574501037597656250000000        0.26480590416036665     
  0.792766372673213481903076171875000000        0.20365400034696196     
  0.793743889778852462768554687500000000        0.40659539300147846     
  0.794721406884491443634033203125000000        0.14727453392610002     
  0.795698923990130424499511718750000000        0.23460363271250673     
  0.796676441095769405364990234375000000        0.28023264204863974     
  0.797653958201408386230468750000000000        0.33993054591848260     
  0.798631475307047367095947265625000000        0.38797776587128446     
  0.799608992412686347961425781250000000        0.28396880526484891     
  0.800586509518325328826904296875000000        0.27829535960461899     
  0.801564026623964309692382812500000000        0.41971275975041833     
  0.802541543729603290557861328125000000        0.21163312056594297     
  0.803519060835242271423339843750000000        0.43118178359096399     
  0.804496577940881252288818359375000000        0.21728921930698170     
  0.805474095046520233154296875000000000        0.22889186270426343     
  0.806451612152159214019775390625000000        0.43031883337204679     
  0.807429129257798194885253906250000000        0.48220390193360729     
  0.808406646363437175750732421875000000        0.29255099089597941     
  0.809384163469076156616210937500000000        0.23596540198499671     
  0.810361680574715137481689453125000000        0.30691765851657216     
  0.811339197680354118347167968750000000        0.34706518123177382     
  0.812316714785993099212646484375000000        0.56036522055653570     
  0.813294231891632080078125000000000000        0.43611809159945369     
  0.814271748997271060943603515625000000        0.30856592939433120     
  0.815249266102910041809082031250000000        0.42565373765377179     
  0.816226783208549022674560546875000000        0.35495884998713773     
  0.817204300314188003540039062500000000        0.48769061471920550     
  0.818181817419826984405517578125000000        0.33611559192467633     
  0.819159334525465965270996093750000000        0.36078059549544317     
  0.820136851631104946136474609375000000        0.48217377135814310     
  0.821114368736743927001953125000000000        0.49391186903518114     
  0.822091885842382907867431640625000000        0.44602853548053822     
  0.823069402948021888732910156250000000        0.46086672262256489     
  0.824046920053660869598388671875000000        0.33661857747548407     
  0.825024437159299850463867187500000000        0.43608091994455611     
  0.826001954264938831329345703125000000        0.30169471384982083     
  0.826979471370577812194824218750000000        0.49064007070411009     
  0.827956988476216793060302734375000000        0.33111754448809938     
  0.828934505581855773925781250000000000        0.33096986020678509     
  0.829912022687494754791259765625000000        0.37082225066613717     
  0.830889539793133735656738281250000000        0.57845938639540295     
  0.831867056898772716522216796875000000        0.50657638001913463     
  0.832844574004411697387695312500000000        0.49730612745969305     
  0.833822091110050678253173828125000000        0.51532604676712945     
  0.834799608215689659118652343750000000        0.53229025663053298     
  0.835777125321328639984130859375000000        0.59203152743042409     
  0.836754642426967620849609375000000000        0.53482704328133202     
  0.837732159532606601715087890625000000        0.37319072026111977     
  0.838709676638245582580566406250000000        0.55138243994549174     
  0.839687193743884563446044921875000000        0.47176090984165120     
  0.840664710849523544311523437500000000        0.38233514225180798     
  0.841642227955162525177001953125000000        0.41360015808322015     
  0.842619745060801506042480468750000000        0.57702031088386918     
  0.843597262166440486907958984375000000        0.58008718166170004     
  0.844574779272079467773437500000000000        0.59615143850785479     
  0.845552296377718448638916015625000000        0.46909539974960368     
  0.846529813483357429504394531250000000        0.60143405274553496     
  0.847507330588996410369873046875000000        0.58863019047913578     
  0.848484847694635391235351562500000000        0.72779051330146061     
  0.849462364800274372100830078125000000        0.52912233473883941     
  0.850439881905913352966308593750000000        0.67702665500358039     
  0.851417399011552333831787109375000000        0.50063645338728180     
  0.852394916117191314697265625000000000        0.58836083275743045     
  0.853372433222830295562744140625000000        0.72141889570834272     
  0.854349950328469276428222656250000000        0.61173514893525227     
  0.855327467434108257293701171875000000        0.61352684752396225     
  0.856304984539747238159179687500000000        0.58260740470263817     
  0.857282501645386219024658203125000000        0.58250508141733792     
  0.858260018751025199890136718750000000        0.60682921984220461     
  0.859237535856664180755615234375000000        0.55685245931507654     
  0.860215052962303161621093750000000000        0.74817621211014518     
  0.861192570067942142486572265625000000        0.71665911435590324     
  0.862170087173581123352050781250000000        0.68990180443844573     
  0.863147604279220104217529296875000000        0.68283101597664497     
  0.864125121384859085083007812500000000        0.72419308286704942     
  0.865102638490498065948486328125000000        0.82301955501701796     
  0.866080155596137046813964843750000000        0.66851041645919329     
  0.867057672701776027679443359375000000        0.61528943680099446     
  0.868035189807415008544921875000000000        0.64759544951282932     
  0.869012706913053989410400390625000000        0.60308740135109129     
  0.869990224018692970275878906250000000        0.76440920721844363     
  0.870967741124331951141357421875000000        0.70008757912020159     
  0.871945258229970932006835937500000000        0.69860311153540822     
  0.872922775335609912872314453125000000        0.74446081326933122     
  0.873900292441248893737792968750000000        0.72624837243142792     
  0.874877809546887874603271484375000000        0.70514793259852293     
  0.875855326652526855468750000000000000        0.59923560479460269     
  0.876832843758165836334228515625000000        0.73273265060825887     
  0.877810360863804817199707031250000000        0.82151820054128821     
  0.878787877969443798065185546875000000        0.84978589473305288     
  0.879765395075082778930664062500000000        0.83591564270715768     
  0.880742912180721759796142578125000000        0.74693118168839134     
  0.881720429286360740661621093750000000        0.68437401698528855     
  0.882697946391999721527099609375000000        0.77484897929454877     
  0.883675463497638702392578125000000000        0.69610191730623316     
  0.884652980603277683258056640625000000        0.58217198437558060     
  0.885630497708916664123535156250000000        0.92193408887554795     
  0.886608014814555644989013671875000000        0.78733759346355714     
  0.887585531920194625854492187500000000        0.66493630837593576     
  0.888563049025833606719970703125000000        0.72887459164518553     
  0.889540566131472587585449218750000000        0.71109069914604295     
  0.890518083237111568450927734375000000        0.84741097785247776     
  0.891495600342750549316406250000000000        0.62299099781420542     
  0.892473117448389530181884765625000000        0.74952171642106868     
  0.893450634554028511047363281250000000        0.81160433652529751     
  0.894428151659667491912841796875000000        0.79280065839529401     
  0.895405668765306472778320312500000000        0.67243893232507868     
  0.896383185870945453643798828125000000        0.87926872684987523     
  0.897360702976584434509277343750000000        0.77568379511116725     
  0.898338220082223415374755859375000000        0.75780264395167773     
  0.899315737187862396240234375000000000        0.83974890833259330     
  0.900293254293501377105712890625000000        0.81861264415641100     
  0.901270771399140357971191406250000000        0.93590415740346256     
  0.902248288504779338836669921875000000        0.70258846195524960     
  0.903225805610418319702148437500000000        0.79914634306891652     
  0.904203322716057300567626953125000000        0.77116996894855061     
  0.905180839821696281433105468750000000        0.82365217262940604     
  0.906158356927335262298583984375000000        0.81440722860965553     
  0.907135874032974243164062500000000000        0.88299651949938096     
  0.908113391138613224029541015625000000         1.0358099640925689     
  0.909090908244252204895019531250000000        0.96633168928476509     
  0.910068425349891185760498046875000000        0.79190170640071389     
  0.911045942455530166625976562500000000        0.87681380513898999     
  0.912023459561169147491455078125000000         1.0022265920039239     
  0.913000976666808128356933593750000000        0.84225554986430551     
  0.913978493772447109222412109375000000        0.77885118005973430     
  0.914956010878086090087890625000000000        0.84019935050824257     
  0.915933527983725070953369140625000000        0.93760670382747857     
  0.916911045089364051818847656250000000        0.82195364626853096     
  0.917888562195003032684326171875000000        0.84509305596549922     
  0.918866079300642013549804687500000000        0.89572453847599309     
  0.919843596406280994415283203125000000        0.99227926228030006     
  0.920821113511919975280761718750000000        0.84881694023207843     
  0.921798630617558956146240234375000000        0.92703418798166970     
  0.922776147723197937011718750000000000        0.85612915497545983     
  0.923753664828836917877197265625000000        0.92294975719048455     
  0.924731181934475898742675781250000000        0.95709497888462325     
  0.925708699040114879608154296875000000        0.87391548341416292     
  0.926686216145753860473632812500000000        0.90795849815561791     
  0.927663733251392841339111328125000000        0.94603121628420805     
  0.928641250357031822204589843750000000        0.83190346473982713     
  0.929618767462670803070068359375000000        0.84170911283471783     
  0.930596284568309783935546875000000000        0.91094739397540536     
  0.931573801673948764801025390625000000        0.99437232295550781     
  0.932551318779587745666503906250000000        0.91532383423250430     
  0.933528835885226726531982421875000000        0.93948706019544259     
  0.934506352990865707397460937500000000        0.92625645426509085     
  0.935483870096504688262939453125000000        0.86290819074878067     
  0.936461387202143669128417968750000000        0.93652237279432038     
  0.937438904307782649993896484375000000         1.0191332665734187     
  0.938416421413421630859375000000000000        0.88589169810593249     
  0.939393938519060611724853515625000000        0.87895704618823256     
  0.940371455624699592590332031250000000        0.95698367461339195     
  0.941348972730338573455810546875000000        0.77443516522889888     
  0.942326489835977554321289062500000000        0.96994846143610181     
  0.943304006941616535186767578125000000        0.92121459683872642     
  0.944281524047255516052246093750000000        0.82977014820207651     
  0.945259041152894496917724609375000000        0.95860613370253422     
  0.946236558258533477783203125000000000        0.82375678414848408     
  0.947214075364172458648681640625000000         1.0676361721555065     
  0.948191592469811439514160156250000000         1.0168951169816833     
  0.949169109575450420379638671875000000        0.87684193637662078     
  0.950146626681089401245117187500000000         1.0313014354036829     
  0.951124143786728382110595703125000000        0.95977721330527510     
  0.952101660892367362976074218750000000        0.94602956028799645     
  0.953079177998006343841552734375000000        0.96774547920337439     
  0.954056695103645324707031250000000000        0.79140496275145955     
  0.955034212209284305572509765625000000         1.1509296736137711     
  0.956011729314923286437988281250000000        0.93157648769763846     
  0.956989246420562267303466796875000000        0.96636613576235741     
  0.957966763526201248168945312500000000        0.98211320246957223     
  0.958944280631840229034423828125000000        0.97504179133886915     
  0.959921797737479209899902343750000000         1.0537631415814173     
  0.960899314843118190765380859375000000        0.85104076559234454     
  0.961876831948757171630859375000000000        0.94692136386652437     
  0.962854349054396152496337890625000000        0.89639106468401142     
  0.963831866160035133361816406250000000        0.97301091380894089     
  0.964809383265674114227294921875000000         1.0179178358102110     
  0.965786900371313095092773437500000000        0.97954841987699259     
  0.966764417476952075958251953125000000        0.89636625644684242     
  0.967741934582591056823730468750000000        0.89537325157750858     
  0.968719451688230037689208984375000000        0.84682296637757970     
  0.969696968793869018554687500000000000         1.0178567008143755     
  0.970674485899507999420166015625000000         1.0302978583736051     
  0.971652003005146980285644531250000000        0.83404072780810801     
  0.972629520110785961151123046875000000         1.0161277983072357     
  0.973607037216424942016601562500000000         1.0760420826599826     
  0.974584554322063922882080078125000000        0.93737243633665002     
  0.975562071427702903747558593750000000        0.95421032806293882     
  0.976539588533341884613037109375000000        0.99444765102106580     
  0.977517105638980865478515625000000000        0.90713221954611045     
  0.978494622744619846343994140625000000        0.96395508802290220     
  0.979472139850258827209472656250000000        0.99733132570238014     
  0.980449656955897808074951171875000000        0.94850307128741473     
  0.981427174061536788940429687500000000         1.1490859391068748     
  0.982404691167175769805908203125000000         1.0189317678865946     
  0.983382208272814750671386718750000000        0.98980752438495934     
  0.984359725378453731536865234375000000         1.0288621545607914     
  0.985337242484092712402343750000000000         1.0859684615018086     
  0.986314759589731693267822265625000000        0.94187106764028439     
  0.987292276695370674133300781250000000         1.0322128209232186     
  0.988269793801009654998779296875000000        0.95084302103057738     
  0.989247310906648635864257812500000000         1.0168164489974933     
  0.990224828012287616729736328125000000         1.0774422938522510     
  0.991202345117926597595214843750000000         1.0019022191307219     
  0.992179862223565578460693359375000000        0.96487806790898212     
  0.993157379329204559326171875000000000        0.92365556518663228     
  0.994134896434843540191650390625000000         1.0790636367369930     
  0.995112413540482521057128906250000000        0.96416110016351397     
  0.996089930646121501922607421875000000        0.88970992824539064     
  0.997067447751760482788085937500000000        0.93326434138755143     
  0.998044964857399463653564453125000000        0.96058060560839853     
  0.999022481963038444519042968750000000        0.98989735718207106     
  0.999999999068677425384521484375000000         1.0069493900126960     
