   0.00000000000000000000000000000000000         1.0000000000000000     
   9.77517105638980865478515625000000000E-0004  0.99998114557707873     
   1.95503421127796173095703125000000000E-0003  0.99992458301929354     
   2.93255131691694259643554687500000000E-0003  0.99983031445955317     
   3.91006842255592346191406250000000000E-0003  0.99969834345261610     
   4.88758552819490432739257812500000000E-0003  0.99952867497495679     
   5.86510263383388519287109375000000000E-0003  0.99932131542457769     
   6.84261973947286605834960937500000000E-0003  0.99907627262076826     
   7.82013684511184692382812500000000000E-0003  0.99879355580380957     
   8.79765395075082778930664062500000000E-0003  0.99847317563462656     
   9.77517105638980865478515625000000000E-0003  0.99811514419438574     
   1.07526881620287895202636718750000000E-0002  0.99771947498403935     
   1.17302052676677703857421875000000000E-0002  0.99728618292381688     
   1.27077223733067512512207031250000000E-0002  0.99681528435266153     
   1.36852394789457321166992187500000000E-0002  0.99630679702761515     
   1.46627565845847129821777343750000000E-0002  0.99576074012314786     
   1.56402736902236938476562500000000000E-0002  0.99517713423043519     
   1.66177907958626747131347656250000000E-0002  0.99455600135658184     
   1.75953079015016555786132812500000000E-0002  0.99389736492379166     
   1.85728250071406364440917968750000000E-0002  0.99320124976848423     
   1.95503421127796173095703125000000000E-0002  0.99246768214035874     
   2.05278592184185981750488281250000000E-0002  0.99169668970140379     
   2.15053763240575790405273437500000000E-0002  0.99088830152485441     
   2.24828934296965599060058593750000000E-0002  0.99004254809409564     
   2.34604105353355407714843750000000000E-0002  0.98915946130151322     
   2.44379276409745216369628906250000000E-0002  0.98823907444729109     
   2.54154447466135025024414062500000000E-0002  0.98728142223815496     
   2.63929618522524833679199218750000000E-0002  0.98628654078606448     
   2.73704789578914642333984375000000000E-0002  0.98525446760685109     
   2.83479960635304450988769531250000000E-0002  0.98418524161880294     
   2.93255131691694259643554687500000000E-0002  0.98307890314119828     
   3.03030302748084068298339843750000000E-0002  0.98193549389278389     
   3.12805473804473876953125000000000000E-0002  0.98075505699020316     
   3.22580644860863685607910156250000000E-0002  0.97953763694636908     
   3.32355815917253494262695312500000000E-0002  0.97828327966878648     
   3.42130986973643302917480468750000000E-0002  0.97699203245782051     
   3.51906158030033111572265625000000000E-0002  0.97566394400491330     
   3.61681329086422920227050781250000000E-0002  0.97429906439074754     
   3.71456500142812728881835937500000000E-0002  0.97289744508335818     
   3.81231671199202537536621093750000000E-0002  0.97145913893619151     
   3.91006842255592346191406250000000000E-0002  0.96998420018611253     
   4.00782013311982154846191406250000000E-0002  0.96847268445135903     
   4.10557184368371963500976562500000000E-0002  0.96692464872944484     
   4.20332355424761772155761718750000000E-0002  0.96534015139501039     
   4.30107526481151580810546875000000000E-0002  0.96371925219762156     
   4.39882697537541389465332031250000000E-0002  0.96206201225951604     
   4.49657868593931198120117187500000000E-0002  0.96036849407329927     
   4.59433039650321006774902343750000000E-0002  0.95863876149958760     
   4.69208210706710815429687500000000000E-0002  0.95687287976459989     
   4.78983381763100624084472656250000000E-0002  0.95507091545769818     
   4.88758552819490432739257812500000000E-0002  0.95323293652887686     
   4.98533723875880241394042968750000000E-0002  0.95135901228620001     
   5.08308894932270050048828125000000000E-0002  0.94944921339318800     
   5.18084065988659858703613281250000000E-0002  0.94750361186615284     
   5.27859237045049667358398437500000000E-0002  0.94552228107148262     
   5.37634408101439476013183593750000000E-0002  0.94350529572287489     
   5.47409579157829284667968750000000000E-0002  0.94145273187851908     
   5.57184750214219093322753906250000000E-0002  0.93936466693822884     
   5.66959921270608901977539062500000000E-0002  0.93724117964052323     
   5.76735092326998710632324218750000000E-0002  0.93508235005965734     
   5.86510263383388519287109375000000000E-0002  0.93288825960260291     
   5.96285434439778327941894531250000000E-0002  0.93065899100597882     
   6.06060605496168136596679687500000000E-0002  0.92839462833293107     
   6.15835776552557945251464843750000000E-0002  0.92609525696996242     
   6.25610947608947753906250000000000000E-0002  0.92376096362371329     
   6.35386118665337562561035156250000000E-0002  0.92139183631769150     
   6.45161289721727371215820312500000000E-0002  0.91898796438895358     
   6.54936460778117179870605468750000000E-0002  0.91654943848473525     
   6.64711631834506988525390625000000000E-0002  0.91407635055903425     
   6.74486802890896797180175781250000000E-0002  0.91156879386914158     
   6.84261973947286605834960937500000000E-0002  0.90902686297212620     
   6.94037145003676414489746093750000000E-0002  0.90645065372126821     
   7.03812316060066223144531250000000000E-0002  0.90384026326244526     
   7.13587487116456031799316406250000000E-0002  0.90119579003046868     
   7.23362658172845840454101562500000000E-0002  0.89851733374537202     
   7.33137829229235649108886718750000000E-0002  0.89580499540865022     
   7.42913000285625457763671875000000000E-0002  0.89305887729945166     
   7.52688171342015266418457031250000000E-0002  0.89027908297072078     
   7.62463342398405075073242187500000000E-0002  0.88746571724529333     
   7.72238513454794883728027343750000000E-0002  0.88461888621194373     
   7.82013684511184692382812500000000000E-0002  0.88173869722138476     
   7.91788855567574501037597656250000000E-0002  0.87882525888221874     
   8.01564026623964309692382812500000000E-0002  0.87587868105684308     
   8.11339197680354118347167968750000000E-0002  0.87289907485730678     
   8.21114368736743927001953125000000000E-0002  0.86988655264112058     
   8.30889539793133735656738281250000000E-0002  0.86684122800702035     
   8.40664710849523544311523437500000000E-0002  0.86376321579068338     
   8.50439881905913352966308593750000000E-0002  0.86065263206039766     
   8.60215052962303161621093750000000000E-0002  0.85750959411268557     
   8.69990224018692970275878906250000000E-0002  0.85433422046788077     
   8.79765395075082778930664062500000000E-0002  0.85112663086565832     
   8.89540566131472587585449218750000000E-0002  0.84788694626052008     
   8.99315737187862396240234375000000000E-0002  0.84461528881723347     
   9.09090908244252204895019531250000000E-0002  0.84131178190622458     
   9.18866079300642013549804687500000000E-0002  0.83797655009892635     
   9.28641250357031822204589843750000000E-0002  0.83460971916308080     
   9.38416421413421630859375000000000000E-0002  0.83121141605799675     
   9.48191592469811439514160156250000000E-0002  0.82778176892976196     
   9.57966763526201248168945312500000000E-0002  0.82432090710641137     
   9.67741934582591056823730468750000000E-0002  0.82082896109305004     
   9.77517105638980865478515625000000000E-0002  0.81730606256693172     
   9.87292276695370674133300781250000000E-0002  0.81375234437249389     
   9.97067447751760482788085937500000000E-0002  0.81016794051634822     
  0.100684261880815029144287109375000000        0.80655298616222715     
  0.101661778986454010009765625000000000        0.80290761762588692     
  0.102639296092092990875244140625000000        0.79923197236996801     
  0.103616813197731971740722656250000000        0.79552618899881056     
  0.104594330303370952606201171875000000        0.79179040725322847     
  0.105571847409009933471679687500000000        0.78802476800523968     
  0.106549364514648914337158203125000000        0.78422941325275408     
  0.107526881620287895202636718750000000        0.78040448611421909     
  0.108504398725926876068115234375000000        0.77655013082322233     
  0.109481915831565856933593750000000000        0.77266649272305343     
  0.110459432937204837799072265625000000        0.76875371826122285     
  0.111436950042843818664550781250000000        0.76481195498393939     
  0.112414467148482799530029296875000000        0.76084135153054699     
  0.113391984254121780395507812500000000        0.75684205762791912     
  0.114369501359760761260986328125000000        0.75281422408481302     
  0.115347018465399742126464843750000000        0.74875800278618287     
  0.116324535571038722991943359375000000        0.74467354668745234     
  0.117302052676677703857421875000000000        0.74056100980874684     
  0.118279569782316684722900390625000000        0.73642054722908545     
  0.119257086887955665588378906250000000        0.73225231508053334     
  0.120234603993594646453857421875000000        0.72805647054231404     
  0.121212121099233627319335937500000000        0.72383317183488249     
  0.122189638204872608184814453125000000        0.71958257821395843     
  0.123167155310511589050292968750000000        0.71530484996452159     
  0.124144672416150569915771484375000000        0.71100014839476711     
  0.125122189521789550781250000000000000        0.70666863583002271     
  0.126099706627428531646728515625000000        0.70231047560662818     
  0.127077223733067512512207031250000000        0.69792583206577541     
  0.128054740838706493377685546875000000        0.69351487054731176     
  0.129032257944345474243164062500000000        0.68907775738350507     
  0.130009775049984455108642578125000000        0.68461465989277182     
  0.130987292155623435974121093750000000        0.68012574637336720     
  0.131964809261262416839599609375000000        0.67561118609703896     
  0.132942326366901397705078125000000000        0.67107114930264478     
  0.133919843472540378570556640625000000        0.66650580718973218     
  0.134897360578179359436035156250000000        0.66191533191208318     
  0.135874877683818340301513671875000000        0.65729989657122223     
  0.136852394789457321166992187500000000        0.65265967520988921     
  0.137829911895096302032470703125000000        0.64799484280547615     
  0.138807429000735282897949218750000000        0.64330557526342891     
  0.139784946106374263763427734375000000        0.63859204941061454     
  0.140762463212013244628906250000000000        0.63385444298865268     
  0.141739980317652225494384765625000000        0.62909293464721361     
  0.142717497423291206359863281250000000        0.62430770393728119     
  0.143695014528930187225341796875000000        0.61949893130438283     
  0.144672531634569168090820312500000000        0.61466679808178426     
  0.145650048740208148956298828125000000        0.60981148648365235     
  0.146627565845847129821777343750000000        0.60493317959818371     
  0.147605082951486110687255859375000000        0.60003206138070053     
  0.148582600057125091552734375000000000        0.59510831664671415     
  0.149560117162764072418212890625000000        0.59016213106495585     
  0.150537634268403053283691406250000000        0.58519369115037512     
  0.151515151374042034149169921875000000        0.58020318425710671     
  0.152492668479681015014648437500000000        0.57519079857140587     
  0.153470185585319995880126953125000000        0.57015672310455168     
  0.154447702690958976745605468750000000        0.56510114768571995     
  0.155425219796597957611083984375000000        0.56002426295482466     
  0.156402736902236938476562500000000000        0.55492626035532944     
  0.157380254007875919342041015625000000        0.54980733212702870     
  0.158357771113514900207519531250000000        0.54466767129879756     
  0.159335288219153881072998046875000000        0.53950747168131419     
  0.160312805324792861938476562500000000        0.53432692785975022     
  0.161290322430431842803955078125000000        0.52912623518643409     
  0.162267839536070823669433593750000000        0.52390558977348411     
  0.163245356641709804534912109375000000        0.51866518848541332     
  0.164222873747348785400390625000000000        0.51340522893170604     
  0.165200390852987766265869140625000000        0.50812590945936631     
  0.166177907958626747131347656250000000        0.50282742914543810     
  0.167155425064265727996826171875000000        0.49750998778949895     
  0.168132942169904708862304687500000000        0.49217378590612515     
  0.169110459275543689727783203125000000        0.48681902471733085     
  0.170087976381182670593261718750000000        0.48144590614498034     
  0.171065493486821651458740234375000000        0.47605463280317345     
  0.172043010592460632324218750000000000        0.47064540799060561     
  0.173020527698099613189697265625000000        0.46521843568290139     
  0.173998044803738594055175781250000000        0.45977392052492289     
  0.174975561909377574920654296875000000        0.45431206782305289     
  0.175953079015016555786132812500000000        0.44883308353745305     
  0.176930596120655536651611328125000000        0.44333717427429697     
  0.177908113226294517517089843750000000        0.43782454727798004     
  0.178885630331933498382568359375000000        0.43229541042330366     
  0.179863147437572479248046875000000000        0.42674997220763727     
  0.180840664543211460113525390625000000        0.42118844174305559     
  0.181818181648850440979003906250000000        0.41561102874845357     
  0.182795698754489421844482421875000000        0.41001794354163806     
  0.183773215860128402709960937500000000        0.40440939703139683     
  0.184750732965767383575439453125000000        0.39878560070954572     
  0.185728250071406364440917968750000000        0.39314676664295323     
  0.186705767177045345306396484375000000        0.38749310746554394     
  0.187683284282684326171875000000000000        0.38182483637028020     
  0.188660801388323307037353515625000000        0.37614216710112297     
  0.189638318493962287902832031250000000        0.37044531394497160     
  0.190615835599601268768310546875000000        0.36473449172358363     
  0.191593352705240249633789062500000000        0.35900991578547381     
  0.192570869810879230499267578125000000        0.35327180199779373     
  0.193548386916518211364746093750000000        0.34752036673819159     
  0.194525904022157192230224609375000000        0.34175582688665301     
  0.195503421127796173095703125000000000        0.33597839981732258     
  0.196480938233435153961181640625000000        0.33018830339030703     
  0.197458455339074134826660156250000000        0.32438575594345992     
  0.198435972444713115692138671875000000        0.31857097628414843     
  0.199413489550352096557617187500000000        0.31274418368100237     
  0.200391006655991077423095703125000000        0.30690559785564575     
  0.201368523761630058288574218750000000        0.30105543897441139     
  0.202346040867269039154052734375000000        0.29519392764003871     
  0.203323557972908020019531250000000000        0.28932128488335496     
  0.204301075078547000885009765625000000        0.28343773215494067     
  0.205278592184185981750488281250000000        0.27754349131677852     
  0.206256109289824962615966796875000000        0.27163878463388780     
  0.207233626395463943481445312500000000        0.26572383476594241     
  0.208211143501102924346923828125000000        0.25979886475887515     
  0.209188660606741905212402343750000000        0.25386409803646670     
  0.210166177712380886077880859375000000        0.24791975839192040     
  0.211143694818019866943359375000000000        0.24196606997942360     
  0.212121211923658847808837890625000000        0.23600325730569485     
  0.213098729029297828674316406250000000        0.23003154522151803     
  0.214076246134936809539794921875000000        0.22405115891326352     
  0.215053763240575790405273437500000000        0.21806232389439673     
  0.216031280346214771270751953125000000        0.21206526599697414     
  0.217008797451853752136230468750000000        0.20606021136312755     
  0.217986314557492733001708984375000000        0.20004738643653636     
  0.218963831663131713867187500000000000        0.19402701795388885     
  0.219941348768770694732666015625000000        0.18799933293633206     
  0.220918865874409675598144531250000000        0.18196455868091105     
  0.221896382980048656463623046875000000        0.17592292275199797     
  0.222873900085687637329101562500000000        0.16987465297271065     
  0.223851417191326618194580078125000000        0.16381997741632184     
  0.224828934296965599060058593750000000        0.15775912439765874     
  0.225806451402604579925537109375000000        0.15169232246449346     
  0.226783968508243560791015625000000000        0.14561980038892489     
  0.227761485613882541656494140625000000        0.13954178715875182     
  0.228739002719521522521972656250000000        0.13345851196883821     
  0.229716519825160503387451171875000000        0.12737020421247039     
  0.230694036930799484252929687500000000        0.12127709347270699     
  0.231671554036438465118408203125000000        0.11517940951372160     
  0.232649071142077445983886718750000000        0.10907738227213863     
  0.233626588247716426849365234375000000        0.10297124184836266     
  0.234604105353355407714843750000000000         9.6861218497901622E-002
  0.235581622458994388580322265625000000         9.0747542622684127E-002
  0.236559139564633369445800781250000000         8.4630444762371290E-002
  0.237536656670272350311279296875000000         7.8510155585663335E-002
  0.238514173775911331176757812500000000         7.2386905881601321E-002
  0.239491690881550312042236328125000000         6.6260926550864407E-002
  0.240469207987189292907714843750000000         6.0132448597062793E-002
  0.241446725092828273773193359375000000         5.4001703118026913E-002
  0.242424242198467254638671875000000000         4.7868921297092915E-002
  0.243401759304106235504150390625000000         4.1734334394385085E-002
  0.244379276409745216369628906250000000         3.5598173738095235E-002
  0.245356793515384197235107421875000000         2.9460670715759620E-002
  0.246334310621023178100585937500000000         2.3322056765533571E-002
  0.247311827726662158966064453125000000         1.7182563367464217E-002
  0.248289344832301139831542968750000000         1.1042422034761662E-002
  0.249266861937940120697021484375000000         4.9018643050688700E-003
  0.250244379043579101562500000000000000        -1.2388782682693428E-003
  0.251221896149218082427978515625000000        -7.3795741249379192E-003
  0.252199413254857063293457031250000000        -1.3519991706383436E-002
  0.253176930360496044158935546875000000        -1.9659899464545903E-002
  0.254154447466135025024414062500000000        -2.5799065870590186E-002
  0.255131964571774005889892578125000000        -3.1937259423636670E-002
  0.256109481677412986755371093750000000        -3.8074248659490918E-002
  0.257086998783051967620849609375000000        -4.4209802159371897E-002
  0.258064515888690948486328125000000000        -5.0343688558638522E-002
  0.259042032994329929351806640625000000        -5.6475676555514144E-002
  0.260019550099968910217285156250000000        -6.2605534919808692E-002
  0.260997067205607891082763671875000000        -6.8733032501638050E-002
  0.261974584311246871948242187500000000        -7.4857938240140517E-002
  0.262952101416885852813720703125000000        -8.0980021172189803E-002
  0.263929618522524833679199218750000000        -8.7099050441104386E-002
  0.264907135628163814544677734375000000        -9.3214795305352857E-002
  0.265884652733802795410156250000000000        -9.9327025147254930E-002
  0.266862169839441776275634765625000000       -0.10543550948167771     
  0.267839686945080757141113281250000000       -0.11154001796472714     
  0.268817204050719738006591796875000000       -0.11764032040243386     
  0.269794721156358718872070312500000000       -0.12373618675943365     
  0.270772238261997699737548828125000000       -0.12982738716764181     
  0.271749755367636680603027343750000000       -0.13591369193492112     
  0.272727272473275661468505859375000000       -0.14199487155374338     
  0.273704789578914642333984375000000000       -0.14807069670984380     
  0.274682306684553623199462890625000000       -0.15414093829086817     
  0.275659823790192604064941406250000000       -0.16020536739501254     
  0.276637340895831584930419921875000000       -0.16626375533965465     
  0.277614858001470565795898437500000000       -0.17231587366997747     
  0.278592375107109546661376953125000000       -0.17836149416758385     
  0.279569892212748527526855468750000000       -0.18440038885910243     
  0.280547409318387508392333984375000000       -0.19043233002478424     
  0.281524926424026489257812500000000000       -0.19645709020708971     
  0.282502443529665470123291015625000000       -0.20247444221926589     
  0.283479960635304450988769531250000000       -0.20848415915391338     
  0.284457477740943431854248046875000000       -0.21448601439154272     
  0.285434994846582412719726562500000000       -0.22047978160912002     
  0.286412511952221393585205078125000000       -0.22646523478860123     
  0.287390029057860374450683593750000000       -0.23244214822545509     
  0.288367546163499355316162109375000000       -0.23841029653717424     
  0.289345063269138336181640625000000000       -0.24436945467177401     
  0.290322580374777317047119140625000000       -0.25031939791627894     
  0.291300097480416297912597656250000000       -0.25625990190519643     
  0.292277614586055278778076171875000000       -0.26219074262897740     
  0.293255131691694259643554687500000000       -0.26811169644246324     
  0.294232648797333240509033203125000000       -0.27402254007331933     
  0.295210165902972221374511718750000000       -0.27992305063045447     
  0.296187683008611202239990234375000000       -0.28581300561242562     
  0.297165200114250183105468750000000000       -0.29169218291582832     
  0.298142717219889163970947265625000000       -0.29756036084367199     
  0.299120234325528144836425781250000000       -0.30341731811373979     
  0.300097751431167125701904296875000000       -0.30926283386693287     
  0.301075268536806106567382812500000000       -0.31509668767559890     
  0.302052785642445087432861328125000000       -0.32091865955184384     
  0.303030302748084068298339843750000000       -0.32672852995582774     
  0.304007819853723049163818359375000000       -0.33252607980404325     
  0.304985336959362030029296875000000000       -0.33831109047757679     
  0.305962854065001010894775390625000000       -0.34408334383035266     
  0.306940371170639991760253906250000000       -0.34984262219735912     
  0.307917888276278972625732421875000000       -0.35558870840285600     
  0.308895405381917953491210937500000000       -0.36132138576856437     
  0.309872922487556934356689453125000000       -0.36704043812183718     
  0.310850439593195915222167968750000000       -0.37274564980381092     
  0.311827956698834896087646484375000000       -0.37843680567753774     
  0.312805473804473876953125000000000000       -0.38411369113609817     
  0.313782990910112857818603515625000000       -0.38977609211069347     
  0.314760508015751838684082031250000000       -0.39542379507871833     
  0.315738025121390819549560546875000000       -0.40105658707181213     
  0.316715542227029800415039062500000000       -0.40667425568388993     
  0.317693059332668781280517578125000000       -0.41227658907915199     
  0.318670576438307762145996093750000000       -0.41786337600007201     
  0.319648093543946743011474609375000000       -0.42343440577536323     
  0.320625610649585723876953125000000000       -0.42898946832792262     
  0.321603127755224704742431640625000000       -0.43452835418275282     
  0.322580644860863685607910156250000000       -0.44005085447486092     
  0.323558161966502666473388671875000000       -0.44555676095713481     
  0.324535679072141647338867187500000000       -0.45104586600819563     
  0.325513196177780628204345703125000000       -0.45651796264022726     
  0.326490713283419609069824218750000000       -0.46197284450678139     
  0.327468230389058589935302734375000000       -0.46741030591055860     
  0.328445747494697570800781250000000000       -0.47283014181116501     
  0.329423264600336551666259765625000000       -0.47823214783284418     
  0.330400781705975532531738281250000000       -0.48361612027218381     
  0.331378298811614513397216796875000000       -0.48898185610579714     
  0.332355815917253494262695312500000000       -0.49432915299797880     
  0.333333333022892475128173828125000000       -0.49965780930833459     
  0.334310850128531455993652343750000000       -0.50496762409938523     
  0.335288367234170436859130859375000000       -0.51025839714414312     
  0.336265884339809417724609375000000000       -0.51552992893366334     
  0.337243401445448398590087890625000000       -0.52078202068456625     
  0.338220918551087379455566406250000000       -0.52601447434653359     
  0.339198435656726360321044921875000000       -0.53122709260977685     
  0.340175952762365341186523437500000000       -0.53641967891247755     
  0.341153469868004322052001953125000000       -0.54159203744819928     
  0.342130986973643302917480468750000000       -0.54674397317327139     
  0.343108504079282283782958984375000000       -0.55187529181414374     
  0.344086021184921264648437500000000000       -0.55698579987471275     
  0.345063538290560245513916015625000000       -0.56207530464361788     
  0.346041055396199226379394531250000000       -0.56714361420150827     
  0.347018572501838207244873046875000000       -0.57219053742828030     
  0.347996089607477188110351562500000000       -0.57721588401028379     
  0.348973606713116168975830078125000000       -0.58221946444749939     
  0.349951123818755149841308593750000000       -0.58720109006068355     
  0.350928640924394130706787109375000000       -0.59216057299848412     
  0.351906158030033111572265625000000000       -0.59709772624452340     
  0.352883675135672092437744140625000000       -0.60201236362445087     
  0.353861192241311073303222656250000000       -0.60690429981296323     
  0.354838709346950054168701171875000000       -0.61177335034079272     
  0.355816226452589035034179687500000000       -0.61661933160166371     
  0.356793743558228015899658203125000000       -0.62144206085921572     
  0.357771260663866996765136718750000000       -0.62624135625389488     
  0.358748777769505977630615234375000000       -0.63101703680981081     
  0.359726294875144958496093750000000000       -0.63576892244156169     
  0.360703811980783939361572265625000000       -0.64049683396102475     
  0.361681329086422920227050781250000000       -0.64520059308411337     
  0.362658846192061901092529296875000000       -0.64988002243749987     
  0.363636363297700881958007812500000000       -0.65453494556530423     
  0.364613880403339862823486328125000000       -0.65916518693574766     
  0.365591397508978843688964843750000000       -0.66377057194777223     
  0.366568914614617824554443359375000000       -0.66835092693762443     
  0.367546431720256805419921875000000000       -0.67290607918540413     
  0.368523948825895786285400390625000000       -0.67743585692157726     
  0.369501465931534767150878906250000000       -0.68194008933345351     
  0.370478983037173748016357421875000000       -0.68641860657162734     
  0.371456500142812728881835937500000000       -0.69087123975638254     
  0.372434017248451709747314453125000000       -0.69529782098406068     
  0.373411534354090690612792968750000000       -0.69969818333339284     
  0.374389051459729671478271484375000000       -0.70407216087179325     
  0.375366568565368652343750000000000000       -0.70841958866161747     
  0.376344085671007633209228515625000000       -0.71274030276638101     
  0.377321602776646614074707031250000000       -0.71703414025694179     
  0.378299119882285594940185546875000000       -0.72130093921764382     
  0.379276636987924575805664062500000000       -0.72554053875242286     
  0.380254154093563556671142578125000000       -0.72975277899087354     
  0.381231671199202537536621093750000000       -0.73393750109427824     
  0.382209188304841518402099609375000000       -0.73809454726159607     
  0.383186705410480499267578125000000000       -0.74222376073541396     
  0.384164222516119480133056640625000000       -0.74632498580785778     
  0.385141739621758460998535156250000000       -0.75039806782646323     
  0.386119256727397441864013671875000000       -0.75444285320000859     
  0.387096773833036422729492187500000000       -0.75845918940430568     
  0.388074290938675403594970703125000000       -0.76244692498795164     
  0.389051808044314384460449218750000000       -0.76640590957804011     
  0.390029325149953365325927734375000000       -0.77033599388583163     
  0.391006842255592346191406250000000000       -0.77423702971238273     
  0.391984359361231327056884765625000000       -0.77810886995413475     
  0.392961876466870307922363281250000000       -0.78195136860846115     
  0.393939393572509288787841796875000000       -0.78576438077917232     
  0.394916910678148269653320312500000000       -0.78954776268198013     
  0.395894427783787250518798828125000000       -0.79330137164991965     
  0.396871944889426231384277343750000000       -0.79702506613872903     
  0.397849461995065212249755859375000000       -0.80071870573218684     
  0.398826979100704193115234375000000000       -0.80438215114740685     
  0.399804496206343173980712890625000000       -0.80801526424009085     
  0.400782013311982154846191406250000000       -0.81161790800973732     
  0.401759530417621135711669921875000000       -0.81518994660480759     
  0.402737047523260116577148437500000000       -0.81873124532784891     
  0.403714564628899097442626953125000000       -0.82224167064057374     
  0.404692081734538078308105468750000000       -0.82572109016889517     
  0.405669598840177059173583984375000000       -0.82916937270791857     
  0.406647115945816040039062500000000000       -0.83258638822688913     
  0.407624633051455020904541015625000000       -0.83597200787409542     
  0.408602150157094001770019531250000000       -0.83932610398172824     
  0.409579667262732982635498046875000000       -0.84264855007069439     
  0.410557184368371963500976562500000000       -0.84593922085538653     
  0.411534701474010944366455078125000000       -0.84919799224840731     
  0.412512218579649925231933593750000000       -0.85242474136524871     
  0.413489735685288906097412109375000000       -0.85561934652892557     
  0.414467252790927886962890625000000000       -0.85878168727456428     
  0.415444769896566867828369140625000000       -0.86191164435394518     
  0.416422287002205848693847656250000000       -0.86500909973999940     
  0.417399804107844829559326171875000000       -0.86807393663125909     
  0.418377321213483810424804687500000000       -0.87110603945626242     
  0.419354838319122791290283203125000000       -0.87410529387791147     
  0.420332355424761772155761718750000000       -0.87707158679778363     
  0.421309872530400753021240234375000000       -0.88000480636039635     
  0.422287389636039733886718750000000000       -0.88290484195742536     
  0.423264906741678714752197265625000000       -0.88577158423187541     
  0.424242423847317695617675781250000000       -0.88860492508220401     
  0.425219940952956676483154296875000000       -0.89140475766639771     
  0.426197458058595657348632812500000000       -0.89417097640600141     
  0.427174975164234638214111328125000000       -0.89690347699009898     
  0.428152492269873619079589843750000000       -0.89960215637924712     
  0.429130009375512599945068359375000000       -0.90226691280936067     
  0.430107526481151580810546875000000000       -0.90489764579555043     
  0.431085043586790561676025390625000000       -0.90749425613591161     
  0.432062560692429542541503906250000000       -0.91005664591526525     
  0.433040077798068523406982421875000000       -0.91258471850885003     
  0.434017594903707504272460937500000000       -0.91507837858596641     
  0.434995112009346485137939453125000000       -0.91753753211357092     
  0.435972629114985466003417968750000000       -0.91996208635982213     
  0.436950146220624446868896484375000000       -0.92235194989757796     
  0.437927663326263427734375000000000000       -0.92470703260784259     
  0.438905180431902408599853515625000000       -0.92702724568316508     
  0.439882697537541389465332031250000000       -0.92931250163098833     
  0.440860214643180370330810546875000000       -0.93156271427694815     
  0.441837731748819351196289062500000000       -0.93377779876812250     
  0.442815248854458332061767578125000000       -0.93595767157623211     
  0.443792765960097312927246093750000000       -0.93810225050078910     
  0.444770283065736293792724609375000000       -0.94021145467219747     
  0.445747800171375274658203125000000000       -0.94228520455480225     
  0.446725317277014255523681640625000000       -0.94432342194988883     
  0.447702834382653236389160156250000000       -0.94632602999863158     
  0.448680351488292217254638671875000000       -0.94829295318499240     
  0.449657868593931198120117187500000000       -0.95022411733856804     
  0.450635385699570178985595703125000000       -0.95211944963738715     
  0.451612902805209159851074218750000000       -0.95397887861065622     
  0.452590419910848140716552734375000000       -0.95580233414145488     
  0.453567937016487121582031250000000000       -0.95758974746937930     
  0.454545454122126102447509765625000000       -0.95934105119313617     
  0.455522971227765083312988281250000000       -0.96105617927308318     
  0.456500488333404064178466796875000000       -0.96273506703372003     
  0.457478005439043045043945312500000000       -0.96437765116612695     
  0.458455522544682025909423828125000000       -0.96598386973035211     
  0.459433039650321006774902343750000000       -0.96755366215774719     
  0.460410556755959987640380859375000000       -0.96908696925325166     
  0.461388073861598968505859375000000000       -0.97058373319762459     
  0.462365590967237949371337890625000000       -0.97204389754962517     
  0.463343108072876930236816406250000000       -0.97346740724814085     
  0.464320625178515911102294921875000000       -0.97485420861426397     
  0.465298142284154891967773437500000000       -0.97620424935331551     
  0.466275659389793872833251953125000000       -0.97751747855681737     
  0.467253176495432853698730468750000000       -0.97879384670441205     
  0.468230693601071834564208984375000000       -0.98003330566572966     
  0.469208210706710815429687500000000000       -0.98123580870220350     
  0.470185727812349796295166015625000000       -0.98240131046883183     
  0.471163244917988777160644531250000000       -0.98352976701588823     
  0.472140762023627758026123046875000000       -0.98462113579057875     
  0.473118279129266738891601562500000000       -0.98567537563864649     
  0.474095796234905719757080078125000000       -0.98669244680592338     
  0.475073313340544700622558593750000000       -0.98767231093982988     
  0.476050830446183681488037109375000000       -0.98861493109082021     
  0.477028347551822662353515625000000000       -0.98952027171377643     
  0.478005864657461643218994140625000000       -0.99038829866934852     
  0.478983381763100624084472656250000000       -0.99121897922524194     
  0.479960898868739604949951171875000000       -0.99201228205745151     
  0.480938415974378585815429687500000000       -0.99276817725144317     
  0.481915933080017566680908203125000000       -0.99348663630328160     
  0.482893450185656547546386718750000000       -0.99416763212070491     
  0.483870967291295528411865234375000000       -0.99481113902414708     
  0.484848484396934509277343750000000000       -0.99541713274770549     
  0.485826001502573490142822265625000000       -0.99598559044005597     
  0.486803518608212471008300781250000000       -0.99651649066531534     
  0.487781035713851451873779296875000000       -0.99700981340384853     
  0.488758552819490432739257812500000000       -0.99746554005302479     
  0.489736069925129413604736328125000000       -0.99788365342791785     
  0.490713587030768394470214843750000000       -0.99826413776195522     
  0.491691104136407375335693359375000000       -0.99860697870751147     
  0.492668621242046356201171875000000000       -0.99891216333645050     
  0.493646138347685337066650390625000000       -0.99917968014061198     
  0.494623655453324317932128906250000000       -0.99940951903224617     
  0.495601172558963298797607421875000000       -0.99960167134439359     
  0.496578689664602279663085937500000000       -0.99975612983121243     
  0.497556206770241260528564453125000000       -0.99987288866825130     
  0.498533723875880241394042968750000000       -0.99995194345266936     
  0.499511240981519222259521484375000000       -0.99999329120340186     
  0.500488758087158203125000000000000000       -0.99999693036127280     
  0.501466275192797183990478515625000000       -0.99996286078905383     
  0.502443792298436164855957031250000000       -0.99989108377146907     
  0.503421309404075145721435546875000000       -0.99978160201514710     
  0.504398826509714126586914062500000000       -0.99963441964851862     
  0.505376343615353107452392578125000000       -0.99944954222166071     
  0.506353860720992088317871093750000000       -0.99922697670608784     
  0.507331377826631069183349609375000000       -0.99896673149448878     
  0.508308894932270050048828125000000000       -0.99866881640040994     
  0.509286412037909030914306640625000000       -0.99833324265788570     
  0.510263929143548011779785156250000000       -0.99796002292101471     
  0.511241446249186992645263671875000000       -0.99754917126348230     
  0.512218963354825973510742187500000000       -0.99710070317803046     
  0.513196480460464954376220703125000000       -0.99661463557587315     
  0.514173997566103935241699218750000000       -0.99609098678605834     
  0.515151514671742916107177734375000000       -0.99552977655477781     
  0.516129031777381896972656250000000000       -0.99493102604462158     
  0.517106548883020877838134765625000000       -0.99429475783378030     
  0.518084065988659858703613281250000000       -0.99362099591519393     
  0.519061583094298839569091796875000000       -0.99290976569564660     
  0.520039100199937820434570312500000000       -0.99216109399480923     
  0.521016617305576801300048828125000000       -0.99137500904422748     
  0.521994134411215782165527343750000000       -0.99055154048625749     
  0.522971651516854763031005859375000000       -0.98969071937294839     
  0.523949168622493743896484375000000000       -0.98879257816487065     
  0.524926685728132724761962890625000000       -0.98785715072989266     
  0.525904202833771705627441406250000000       -0.98688447234190335     
  0.526881719939410686492919921875000000       -0.98587457967948222     
  0.527859237045049667358398437500000000       -0.98482751082451592     
  0.528836754150688648223876953125000000       -0.98374330526076248     
  0.529814271256327629089355468750000000       -0.98262200387236232     
  0.530791788361966609954833984375000000       -0.98146364894229676     
  0.531769305467605590820312500000000000       -0.98026828415079315     
  0.532746822573244571685791015625000000       -0.97903595457367831     
  0.533724339678883552551269531250000000       -0.97776670668067811     
  0.534701856784522533416748046875000000       -0.97646058833366578     
  0.535679373890161514282226562500000000       -0.97511764878485674     
  0.536656890995800495147705078125000000       -0.97373793867495129     
  0.537634408101439476013183593750000000       -0.97232151003122536     
  0.538611925207078456878662109375000000       -0.97086841626556841     
  0.539589442312717437744140625000000000       -0.96937871217246907     
  0.540566959418356418609619140625000000       -0.96785245392694952     
  0.541544476523995399475097656250000000       -0.96628969908244644     
  0.542521993629634380340576171875000000       -0.96469050656864153     
  0.543499510735273361206054687500000000       -0.96305493668923869     
  0.544477027840912342071533203125000000       -0.96138305111969036     
  0.545454544946551322937011718750000000       -0.95967491290487184     
  0.546432062052190303802490234375000000       -0.95793058645670359     
  0.547409579157829284667968750000000000       -0.95615013755172296     
  0.548387096263468265533447265625000000       -0.95433363332860299     
  0.549364613369107246398925781250000000       -0.95248114228562153     
  0.550342130474746227264404296875000000       -0.95059273427807778     
  0.551319647580385208129882812500000000       -0.94866848051565811     
  0.552297164686024188995361328125000000       -0.94670845355975108     
  0.553274681791663169860839843750000000       -0.94471272732071088     
  0.554252198897302150726318359375000000       -0.94268137705507082     
  0.555229716002941131591796875000000000       -0.94061447936270470     
  0.556207233108580112457275390625000000       -0.93851211218393915     
  0.557184750214219093322753906250000000       -0.93637435479661391     
  0.558162267319858074188232421875000000       -0.93420128781309275     
  0.559139784425497055053710937500000000       -0.93199299317722362     
  0.560117301531136035919189453125000000       -0.92974955416124849     
  0.561094818636775016784667968750000000       -0.92747105536266328     
  0.562072335742413997650146484375000000       -0.92515758270102810     
  0.563049852848052978515625000000000000       -0.92280922341472682     
  0.564027369953691959381103515625000000       -0.92042606605767774     
  0.565004887059330940246582031250000000       -0.91800820049599430     
  0.565982404164969921112060546875000000       -0.91555571790459622     
  0.566959921270608901977539062500000000       -0.91306871076377139     
  0.567937438376247882843017578125000000       -0.91054727285568882     
  0.568914955481886863708496093750000000       -0.90799149926086187     
  0.569892472587525844573974609375000000       -0.90540148635456297     
  0.570869989693164825439453125000000000       -0.90277733180318953     
  0.571847506798803806304931640625000000       -0.90011913456058101     
  0.572825023904442787170410156250000000       -0.89742699486428745     
  0.573802541010081768035888671875000000       -0.89470101423178972     
  0.574780058115720748901367187500000000       -0.89194129545667111     
  0.575757575221359729766845703125000000       -0.88914794260474161     
  0.576735092326998710632324218750000000       -0.88632106101011332     
  0.577712609432637691497802734375000000       -0.88346075727122830     
  0.578690126538276672363281250000000000       -0.88056713924683960     
  0.579667643643915653228759765625000000       -0.87764031605194304     
  0.580645160749554634094238281250000000       -0.87468039805366327     
  0.581622677855193614959716796875000000       -0.87168749686709179     
  0.582600194960832595825195312500000000       -0.86866172535107822     
  0.583577712066471576690673828125000000       -0.86560319760397408     
  0.584555229172110557556152343750000000       -0.86251202895933066     
  0.585532746277749538421630859375000000       -0.85938833598154996     
  0.586510263383388519287109375000000000       -0.85623223646148894     
  0.587487780489027500152587890625000000       -0.85304384941201772     
  0.588465297594666481018066406250000000       -0.84982329506353216     
  0.589442814700305461883544921875000000       -0.84657069485941971     
  0.590420331805944442749023437500000000       -0.84328617145148010     
  0.591397848911583423614501953125000000       -0.83996984869530000     
  0.592375366017222404479980468750000000       -0.83662185164558311     
  0.593352883122861385345458984375000000       -0.83324230655143416     
  0.594330400228500366210937500000000000       -0.82983134085159793     
  0.595307917334139347076416015625000000       -0.82638908316965420     
  0.596285434439778327941894531250000000       -0.82291566330916743     
  0.597262951545417308807373046875000000       -0.81941121224879154     
  0.598240468651056289672851562500000000       -0.81587586213733132     
  0.599217985756695270538330078125000000       -0.81230974628875907     
  0.600195502862334251403808593750000000       -0.80871299917718775     
  0.601173019967973232269287109375000000       -0.80508575643179958     
  0.602150537073612213134765625000000000       -0.80142815483173224     
  0.603128054179251194000244140625000000       -0.79774033230092045     
  0.604105571284890174865722656250000000       -0.79402242790289557     
  0.605083088390529155731201171875000000       -0.79027458183554133     
  0.606060605496168136596679687500000000       -0.78649693542580756     
  0.607038122601807117462158203125000000       -0.78268963112438017     
  0.608015639707446098327636718750000000       -0.77885281250031013     
  0.608993156813085079193115234375000000       -0.77498662423559961     
  0.609970673918724060058593750000000000       -0.77109121211974574     
  0.610948191024363040924072265625000000       -0.76716672304424349     
  0.611925708130002021789550781250000000       -0.76321330499704654     
  0.612903225235641002655029296875000000       -0.75923110705698660     
  0.613880742341279983520507812500000000       -0.75522027938815173     
  0.614858259446918964385986328125000000       -0.75118097323422428     
  0.615835776552557945251464843750000000       -0.74711334091277726     
  0.616813293658196926116943359375000000       -0.74301753580953100     
  0.617790810763835906982421875000000000       -0.73889371237256862     
  0.618768327869474887847900390625000000       -0.73474202610651229     
  0.619745844975113868713378906250000000       -0.73056263356665962     
  0.620723362080752849578857421875000000       -0.72635569235307940     
  0.621700879186391830444335937500000000       -0.72212136110466951     
  0.622678396292030811309814453125000000       -0.71785979949317413     
  0.623655913397669792175292968750000000       -0.71357116821716304     
  0.624633430503308773040771484375000000       -0.70925562899597205     
  0.625610947608947753906250000000000000       -0.70491334456360444     
  0.626588464714586734771728515625000000       -0.70054447866259417     
  0.627565981820225715637207031250000000       -0.69614919603783232     
  0.628543498925864696502685546875000000       -0.69172766243035366     
  0.629521016031503677368164062500000000       -0.68728004457108749     
  0.630498533137142658233642578125000000       -0.68280651017456995     
  0.631476050242781639099121093750000000       -0.67830722793261988     
  0.632453567348420619964599609375000000       -0.67378236750797793     
  0.633431084454059600830078125000000000       -0.66923209952790830     
  0.634408601559698581695556640625000000       -0.66465659557776458     
  0.635386118665337562561035156250000000       -0.66005602819452014     
  0.636363635770976543426513671875000000       -0.65543057086026102     
  0.637341152876615524291992187500000000       -0.65078039799564491     
  0.638318669982254505157470703125000000       -0.64610568495332343     
  0.639296187087893486022949218750000000       -0.64140660801133009     
  0.640273704193532466888427734375000000       -0.63668334436643292     
  0.641251221299171447753906250000000000       -0.63193607212745251     
  0.642228738404810428619384765625000000       -0.62716497030854601     
  0.643206255510449409484863281250000000       -0.62237021882245624     
  0.644183772616088390350341796875000000       -0.61755199847372799     
  0.645161289721727371215820312500000000       -0.61271049095188956     
  0.646138806827366352081298828125000000       -0.60784587882460173     
  0.647116323933005332946777343750000000       -0.60295834553077332     
  0.648093841038644313812255859375000000       -0.59804807537364379     
  0.649071358144283294677734375000000000       -0.59311525351383365     
  0.650048875249922275543212890625000000       -0.58816006596236192     
  0.651026392355561256408691406250000000       -0.58318269957363211     
  0.652003909461200237274169921875000000       -0.57818334203838606     
  0.652981426566839218139648437500000000       -0.57316218187662638     
  0.653958943672478199005126953125000000       -0.56811940843050757     
  0.654936460778117179870605468750000000       -0.56305521185719609     
  0.655913977883756160736083984375000000       -0.55796978312169987     
  0.656891494989395141601562500000000000       -0.55286331398966715     
  0.657869012095034122467041015625000000       -0.54773599702015530     
  0.658846529200673103332519531250000000       -0.54258802555836938     
  0.659824046306312084197998046875000000       -0.53741959372837167     
  0.660801563411951065063476562500000000       -0.53223089642576127     
  0.661779080517590045928955078125000000       -0.52702212931032499     
  0.662756597623229026794433593750000000       -0.52179348879865906     
  0.663734114728868007659912109375000000       -0.51654517205676231     
  0.664711631834506988525390625000000000       -0.51127737699260178     
  0.665689148940145969390869140625000000       -0.50599030224864949     
  0.666666666045784950256347656250000000       -0.50068414719439192     
  0.667644183151423931121826171875000000       -0.49535911191881199     
  0.668621700257062911987304687500000000       -0.49001539722284404     
  0.669599217362701892852783203125000000       -0.48465320461180178     
  0.670576734468340873718261718750000000       -0.47927273628777978     
  0.671554251573979854583740234375000000       -0.47387419514202855     
  0.672531768679618835449218750000000000       -0.46845778474730393     
  0.673509285785257816314697265625000000       -0.46302370935019060     
  0.674486802890896797180175781250000000       -0.45757217386339999     
  0.675464319996535778045654296875000000       -0.45210338385804333     
  0.676441837102174758911132812500000000       -0.44661754555587985     
  0.677419354207813739776611328125000000       -0.44111486582154052     
  0.678396871313452720642089843750000000       -0.43559555215472706     
  0.679374388419091701507568359375000000       -0.43005981268238769     
  0.680351905524730682373046875000000000       -0.42450785615086889     
  0.681329422630369663238525390625000000       -0.41893989191804354     
  0.682306939736008644104003906250000000       -0.41335612994541654     
  0.683284456841647624969482421875000000       -0.40775678079020744     
  0.684261973947286605834960937500000000       -0.40214205559741023     
  0.685239491052925586700439453125000000       -0.39651216609183176     
  0.686217008158564567565917968750000000       -0.39086732457010742     
  0.687194525264203548431396484375000000       -0.38520774389269602     
  0.688172042369842529296875000000000000       -0.37953363747585284     
  0.689149559475481510162353515625000000       -0.37384521928358205     
  0.690127076581120491027832031250000000       -0.36814270381956832     
  0.691104593686759471893310546875000000       -0.36242630611908822     
  0.692082110792398452758789062500000000       -0.35669624174090142     
  0.693059627898037433624267578125000000       -0.35095272675912220     
  0.694037145003676414489746093750000000       -0.34519597775507160     
  0.695014662109315395355224609375000000       -0.33942621180911042     
  0.695992179214954376220703125000000000       -0.33364364649245321     
  0.696969696320593357086181640625000000       -0.32784849985896408     
  0.697947213426232337951660156250000000       -0.32204099043693413     
  0.698924730531871318817138671875000000       -0.31622133722084078     
  0.699902247637510299682617187500000000       -0.31038975966309007     
  0.700879764743149280548095703125000000       -0.30454647766574111     
  0.701857281848788261413574218750000000       -0.29869171157221397     
  0.702834798954427242279052734375000000       -0.29282568215898075     
  0.703812316060066223144531250000000000       -0.28694861062724031     
  0.704789833165705204010009765625000000       -0.28106071859457699     
  0.705767350271344184875488281250000000       -0.27516222808660373     
  0.706744867376983165740966796875000000       -0.26925336152858997     
  0.707722384482622146606445312500000000       -0.26333434173707371     
  0.708699901588261127471923828125000000       -0.25740539191145984     
  0.709677418693900108337402343750000000       -0.25146673562560340     
  0.710654935799539089202880859375000000       -0.24551859681937871     
  0.711632452905178070068359375000000000       -0.23956119979023507     
  0.712609970010817050933837890625000000       -0.23359476918473873     
  0.713587487116456031799316406250000000       -0.22761952999010157     
  0.714565004222095012664794921875000000       -0.22163570752569728     
  0.715542521327733993530273437500000000       -0.21564352743456472     
  0.716520038433372974395751953125000000       -0.20964321567489919     
  0.717497555539011955261230468750000000       -0.20363499851153183     
  0.718475072644650936126708984375000000       -0.19761910250739748     
  0.719452589750289916992187500000000000       -0.19159575451499114     
  0.720430106855928897857666015625000000       -0.18556518166781372     
  0.721407623961567878723144531250000000       -0.17952761137180706     
  0.722385141067206859588623046875000000       -0.17348327129677871     
  0.723362658172845840454101562500000000       -0.16743238936781676     
  0.724340175278484821319580078125000000       -0.16137519375669512     
  0.725317692384123802185058593750000000       -0.15531191287326929     
  0.726295209489762783050537109375000000       -0.14924277535686342     
  0.727272726595401763916015625000000000       -0.14316801006764854     
  0.728250243701040744781494140625000000       -0.13708784607801242     
  0.729227760806679725646972656250000000       -0.13100251266392166     
  0.730205277912318706512451171875000000       -0.12491223929627587     
  0.731182795017957687377929687500000000       -0.11881725563225462     
  0.732160312123596668243408203125000000       -0.11271779150665731     
  0.733137829229235649108886718750000000       -0.10661407692323636     
  0.734115346334874629974365234375000000       -0.10050634204602409     
  0.735092863440513610839843750000000000        -9.4394817190653402E-002
  0.736070380546152591705322265625000000        -8.8279732815672946E-002
  0.737047897651791572570800781250000000        -8.2161319513856718E-002
  0.738025414757430553436279296875000000        -7.6039808003508735E-002
  0.739002931863069534301757812500000000        -6.9915429119762854E-002
  0.739980448968708515167236328125000000        -6.3788413805878269E-002
  0.740957966074347496032714843750000000        -5.7658993104530959E-002
  0.741935483179986476898193359375000000        -5.1527398149101226E-002
  0.742913000285625457763671875000000000        -4.5393860154958027E-002
  0.743890517391264438629150390625000000        -3.9258610410740052E-002
  0.744868034496903419494628906250000000        -3.3121880269634106E-002
  0.745845551602542400360107421875000000        -2.6983901140651054E-002
  0.746823068708181381225585937500000000        -2.0844904479899666E-002
  0.747800585813820362091064453125000000        -1.4705121781858640E-002
  0.748778102919459342956542968750000000        -8.5647845706472488E-003
  0.749755620025098323822021484375000000        -2.4241243912948075E-003
  0.750733137130737304687500000000000000         3.7166271989906071E-003
  0.751710654236376285552978515625000000         9.8572386395539210E-003
  0.752688171342015266418457031250000000         1.5997478375024944E-002
  0.753665688447654247283935546875000000         2.2137114864050053E-002
  0.754643205553293228149414062500000000         2.8275916588023357E-002
  0.755620722658932209014892578125000000         3.4413652059816988E-002
  0.756598239764571189880371093750000000         4.0550089832510218E-002
  0.757575756870210170745849609375000000         4.6684998508117054E-002
  0.758553273975849151611328125000000000         5.2818146746311988E-002
  0.759530791081488132476806640625000000         5.8949303273153585E-002
  0.760508308187127113342285156250000000         6.5078236889805532E-002
  0.761485825292766094207763671875000000         7.1204716481254898E-002
  0.762463342398405075073242187500000000         7.7328511025027205E-002
  0.763440859504044055938720703125000000         8.3449389599898047E-002
  0.764418376609683036804199218750000000         8.9567121394600810E-002
  0.765395893715322017669677734375000000         9.5681475716530365E-002
  0.766373410820960998535156250000000000        0.10179222200044212     
  0.767350927926599979400634765625000000        0.10789912981714651     
  0.768328445032238960266113281250000000        0.11400196888219809     
  0.769305962137877941131591796875000000        0.12010050906457934     
  0.770283479243516921997070312500000000        0.12619452039537868     
  0.771260996349155902862548828125000000        0.13228377307646225     
  0.772238513454794883728027343750000000        0.13836803748913939     
  0.773216030560433864593505859375000000        0.14444708420282137     
  0.774193547666072845458984375000000000        0.15052068398367274     
  0.775171064771711826324462890625000000        0.15658860780325565     
  0.776148581877350807189941406250000000        0.16265062684716622     
  0.777126098982989788055419921875000000        0.16870651252366281     
  0.778103616088628768920898437500000000        0.17475603647228605     
  0.779081133194267749786376953125000000        0.18079897057246988     
  0.780058650299906730651855468750000000        0.18683508695214393     
  0.781036167405545711517333984375000000        0.19286415799632611     
  0.782013684511184692382812500000000000        0.19888595635570588     
  0.782991201616823673248291015625000000        0.20490025495521721     
  0.783968718722462654113769531250000000        0.21090682700260133     
  0.784946235828101634979248046875000000        0.21690544599695888     
  0.785923752933740615844726562500000000        0.22289588573729094     
  0.786901270039379596710205078125000000        0.22887792033102880     
  0.787878787145018577575683593750000000        0.23485132420255214     
  0.788856304250657558441162109375000000        0.24081587210169522     
  0.789833821356296539306640625000000000        0.24677133911224078     
  0.790811338461935520172119140625000000        0.25271750066040144     
  0.791788855567574501037597656250000000        0.25865413252328795     
  0.792766372673213481903076171875000000        0.26458101083736468     
  0.793743889778852462768554687500000000        0.27049791210689084     
  0.794721406884491443634033203125000000        0.27640461321234866     
  0.795698923990130424499511718750000000        0.28230089141885673     
  0.796676441095769405364990234375000000        0.28818652438456904     
  0.797653958201408386230468750000000000        0.29406129016905946     
  0.798631475307047367095947265625000000        0.29992496724169065     
  0.799608992412686347961425781250000000        0.30577733448996780     
  0.800586509518325328826904296875000000        0.31161817122787655     
  0.801564026623964309692382812500000000        0.31744725720420475     
  0.802541543729603290557861328125000000        0.32326437261084795     
  0.803519060835242271423339843750000000        0.32906929809109792     
  0.804496577940881252288818359375000000        0.33486181474791471     
  0.805474095046520233154296875000000000        0.34064170415218065     
  0.806451612152159214019775390625000000        0.34640874835093716     
  0.807429129257798194885253906250000000        0.35216272987560365     
  0.808406646363437175750732421875000000        0.35790343175017775     
  0.809384163469076156616210937500000000        0.36363063749941749     
  0.810361680574715137481689453125000000        0.36934413115700415     
  0.811339197680354118347167968750000000        0.37504369727368619     
  0.812316714785993099212646484375000000        0.38072912092540356     
  0.813294231891632080078125000000000000        0.38640018772139217     
  0.814271748997271060943603515625000000        0.39205668381226849     
  0.815249266102910041809082031250000000        0.39769839589809342     
  0.816226783208549022674560546875000000        0.40332511123641562     
  0.817204300314188003540039062500000000        0.40893661765029382     
  0.818181817419826984405517578125000000        0.41453270353629762     
  0.819159334525465965270996093750000000        0.42011315787248715     
  0.820136851631104946136474609375000000        0.42567777022637010     
  0.821114368736743927001953125000000000        0.43122633076283695     
  0.822091885842382907867431640625000000        0.43675863025207384     
  0.823069402948021888732910156250000000        0.44227446007745219     
  0.824046920053660869598388671875000000        0.44777361224339540     
  0.825024437159299850463867187500000000        0.45325587938322220     
  0.826001954264938831329345703125000000        0.45872105476696612     
  0.826979471370577812194824218750000000        0.46416893230917111     
  0.827956988476216793060302734375000000        0.46959930657666282     
  0.828934505581855773925781250000000000        0.47501197279629503     
  0.829912022687494754791259765625000000        0.48040672686267177     
  0.830889539793133735656738281250000000        0.48578336534584354     
  0.831867056898772716522216796875000000        0.49114168549897863     
  0.832844574004411697387695312500000000        0.49648148526600838     
  0.833822091110050678253173828125000000        0.50180256328924666     
  0.834799608215689659118652343750000000        0.50710471891698239     
  0.835777125321328639984130859375000000        0.51238775221104660     
  0.836754642426967620849609375000000000        0.51765146395435102     
  0.837732159532606601715087890625000000        0.52289565565840102     
  0.838709676638245582580566406250000000        0.52812012957078014     
  0.839687193743884563446044921875000000        0.53332468868260696     
  0.840664710849523544311523437500000000        0.53850913673596423     
  0.841642227955162525177001953125000000        0.54367327823129952     
  0.842619745060801506042480468750000000        0.54881691843479730     
  0.843597262166440486907958984375000000        0.55393986338572210     
  0.844574779272079467773437500000000000        0.55904191990373242     
  0.845552296377718448638916015625000000        0.56412289559616569     
  0.846529813483357429504394531250000000        0.56918259886529265     
  0.847507330588996410369873046875000000        0.57422083891554276     
  0.848484847694635391235351562500000000        0.57923742576069870     
  0.849462364800274372100830078125000000        0.58423217023106044     
  0.850439881905913352966308593750000000        0.58920488398057858     
  0.851417399011552333831787109375000000        0.59415537949395714     
  0.852394916117191314697265625000000000        0.59908347009372387     
  0.853372433222830295562744140625000000        0.60398896994727003     
  0.854349950328469276428222656250000000        0.60887169407385788     
  0.855327467434108257293701171875000000        0.61373145835159615     
  0.856304984539747238159179687500000000        0.61856807952438264     
  0.857282501645386219024658203125000000        0.62338137520881520     
  0.858260018751025199890136718750000000        0.62817116390106909     
  0.859237535856664180755615234375000000        0.63293726498374059     
  0.860215052962303161621093750000000000        0.63767949873265883     
  0.861192570067942142486572265625000000        0.64239768632366256     
  0.862170087173581123352050781250000000        0.64709164983934309     
  0.863147604279220104217529296875000000        0.65176121227575379     
  0.864125121384859085083007812500000000        0.65640619754908480     
  0.865102638490498065948486328125000000        0.66102643050230225     
  0.866080155596137046813964843750000000        0.66562173691175408     
  0.867057672701776027679443359375000000        0.67019194349373934     
  0.868035189807415008544921875000000000        0.67473687791104253     
  0.869012706913053989410400390625000000        0.67925636877943230     
  0.869990224018692970275878906250000000        0.68375024567412424     
  0.870967741124331951141357421875000000        0.68821833913620722     
  0.871945258229970932006835937500000000        0.69266048067903385     
  0.872922775335609912872314453125000000        0.69707650279457323     
  0.873900292441248893737792968750000000        0.70146623895972837     
  0.874877809546887874603271484375000000        0.70582952364261498     
  0.875855326652526855468750000000000000        0.71016619230880329     
  0.876832843758165836334228515625000000        0.71447608142752339     
  0.877810360863804817199707031250000000        0.71875902847783069     
  0.878787877969443798065185546875000000        0.72301487195473524     
  0.879765395075082778930664062500000000        0.72724345137529145     
  0.880742912180721759796142578125000000        0.73144460728464977     
  0.881720429286360740661621093750000000        0.73561818126206968     
  0.882697946391999721527099609375000000        0.73976401592689345     
  0.883675463497638702392578125000000000        0.74388195494448073     
  0.884652980603277683258056640625000000        0.74797184303210407     
  0.885630497708916664123535156250000000        0.75203352596480399     
  0.886608014814555644989013671875000000        0.75606685058120493     
  0.887585531920194625854492187500000000        0.76007166478929056     
  0.888563049025833606719970703125000000        0.76404781757213946     
  0.889540566131472587585449218750000000        0.76799515899361925     
  0.890518083237111568450927734375000000        0.77191354020404079     
  0.891495600342750549316406250000000000        0.77580281344577107     
  0.892473117448389530181884765625000000        0.77966283205880493     
  0.893450634554028511047363281250000000        0.78349345048629548     
  0.894428151659667491912841796875000000        0.78729452428004310     
  0.895405668765306472778320312500000000        0.79106591010594196     
  0.896383185870945453643798828125000000        0.79480746574938543     
  0.897360702976584434509277343750000000        0.79851905012062852     
  0.898338220082223415374755859375000000        0.80220052326010827     
  0.899315737187862396240234375000000000        0.80585174634372159     
  0.900293254293501377105712890625000000        0.80947258168806013     
  0.901270771399140357971191406250000000        0.81306289275560217     
  0.902248288504779338836669921875000000        0.81662254415986091     
  0.903225805610418319702148437500000000        0.82015140167049050     
  0.904203322716057300567626953125000000        0.82364933221834702     
  0.905180839821696281433105468750000000        0.82711620390050655     
  0.906158356927335262298583984375000000        0.83055188598523944     
  0.907135874032974243164062500000000000        0.83395624891693942     
  0.908113391138613224029541015625000000        0.83732916432100968     
  0.909090908244252204895019531250000000        0.84067050500870311     
  0.910068425349891185760498046875000000        0.84398014498191887     
  0.911045942455530166625976562500000000        0.84725795943795335     
  0.912023459561169147491455078125000000        0.85050382477420650     
  0.913000976666808128356933593750000000        0.85371761859284290     
  0.913978493772447109222412109375000000        0.85689921970540672     
  0.914956010878086090087890625000000000        0.86004850813739209     
  0.915933527983725070953369140625000000        0.86316536513276698     
  0.916911045089364051818847656250000000        0.86624967315845158     
  0.917888562195003032684326171875000000        0.86930131590874993     
  0.918866079300642013549804687500000000        0.87232017830973596     
  0.919843596406280994415283203125000000        0.87530614652359284     
  0.920821113511919975280761718750000000        0.87825910795290540     
  0.921798630617558956146240234375000000        0.88117895124490653     
  0.922776147723197937011718750000000000        0.88406556629567545     
  0.923753664828836917877197265625000000        0.88691884425429024     
  0.924731181934475898742675781250000000        0.88973867752693225     
  0.925708699040114879608154296875000000        0.89252495978094326     
  0.926686216145753860473632812500000000        0.89527758594883533     
  0.927663733251392841339111328125000000        0.89799645223225266     
  0.928641250357031822204589843750000000        0.90068145610588568     
  0.929618767462670803070068359375000000        0.90333249632133705     
  0.930596284568309783935546875000000000        0.90594947291094030     
  0.931573801673948764801025390625000000        0.90853228719152834     
  0.932551318779587745666503906250000000        0.91108084176815585     
  0.933528835885226726531982421875000000        0.91359504053777096     
  0.934506352990865707397460937500000000        0.91607478869283998     
  0.935483870096504688262939453125000000        0.91851999272492202     
  0.936461387202143669128417968750000000        0.92093056042819510     
  0.937438904307782649993896484375000000        0.92330640090293348     
  0.938416421413421630859375000000000000        0.92564742455893467     
  0.939393938519060611724853515625000000        0.92795354311889877     
  0.940371455624699592590332031250000000        0.93022466962175632     
  0.941348972730338573455810546875000000        0.93246071842594824     
  0.942326489835977554321289062500000000        0.93466160521265484     
  0.943304006941616535186767578125000000        0.93682724698897557     
  0.944281524047255516052246093750000000        0.93895756209105863     
  0.945259041152894496917724609375000000        0.94105247018718008     
  0.946236558258533477783203125000000000        0.94311189228077352     
  0.947214075364172458648681640625000000        0.94513575071340872     
  0.948191592469811439514160156250000000        0.94712396916772013     
  0.949169109575450420379638671875000000        0.94907647267028439     
  0.950146626681089401245117187500000000        0.95099318759444795     
  0.951124143786728382110595703125000000        0.95287404166310330     
  0.952101660892367362976074218750000000        0.95471896395141420     
  0.953079177998006343841552734375000000        0.95652788488949070     
  0.954056695103645324707031250000000000        0.95830073626501167     
  0.955034212209284305572509765625000000        0.96003745122579820     
  0.956011729314923286437988281250000000        0.96173796428233338     
  0.956989246420562267303466796875000000        0.96340221131023251     
  0.957966763526201248168945312500000000        0.96503012955266110     
  0.958944280631840229034423828125000000        0.96662165762270102     
  0.959921797737479209899902343750000000        0.96817673550566552     
  0.960899314843118190765380859375000000        0.96969530456136266     
  0.961876831948757171630859375000000000        0.97117730752630593     
  0.962854349054396152496337890625000000        0.97262268851587386     
  0.963831866160035133361816406250000000        0.97403139302641772     
  0.964809383265674114227294921875000000        0.97540336793731608     
  0.965786900371313095092773437500000000        0.97673856151297878     
  0.966764417476952075958251953125000000        0.97803692340479687     
  0.967741934582591056823730468750000000        0.97929840465304197     
  0.968719451688230037689208984375000000        0.98052295768871234     
  0.969696968793869018554687500000000000        0.98171053633532612     
  0.970674485899507999420166015625000000        0.98286109581066328     
  0.971652003005146980285644531250000000        0.98397459272845389     
  0.972629520110785961151123046875000000        0.98505098510001443     
  0.973607037216424942016601562500000000        0.98609023233583082     
  0.974584554322063922882080078125000000        0.98709229524708930     
  0.975562071427702903747558593750000000        0.98805713604715395     
  0.976539588533341884613037109375000000        0.98898471835299184     
  0.977517105638980865478515625000000000        0.98987500718654475     
  0.978494622744619846343994140625000000        0.99072796897604831     
  0.979472139850258827209472656250000000        0.99154357155729789     
  0.980449656955897808074951171875000000        0.99232178417486161     
  0.981427174061536788940429687500000000        0.99306257748323956     
  0.982404691167175769805908203125000000        0.99376592354797133     
  0.983382208272814750671386718750000000        0.99443179584668850     
  0.984359725378453731536865234375000000        0.99506016927011531     
  0.985337242484092712402343750000000000        0.99565102012301498     
  0.986314759589731693267822265625000000        0.99620432612508392     
  0.987292276695370674133300781250000000        0.99672006641179134     
  0.988269793801009654998779296875000000        0.99719822153516646     
  0.989247310906648635864257812500000000        0.99763877346453123     
  0.990224828012287616729736328125000000        0.99804170558718086     
  0.991202345117926597595214843750000000        0.99840700270901017     
  0.992179862223565578460693359375000000        0.99873465105508619     
  0.993157379329204559326171875000000000        0.99902463827016807     
  0.994134896434843540191650390625000000        0.99927695341917266     
  0.995112413540482521057128906250000000        0.99949158698758667     
  0.996089930646121501922607421875000000        0.99966853088182617     
  0.997067447751760482788085937500000000        0.99980777842954105     
  0.998044964857399463653564453125000000        0.99990932437986690     
  0.999022481963038444519042968750000000        0.99997316490362331     
  0.999999999068677425384521484375000000        0.99999929759345774     
