           1   2.3040662640284895     
           2   508.44774756222063     
           3   1.5609983323329848     
           4   4.0966965030027236     
           5   2.5212201620890200     
           6  0.67149229827970680     
           7   1.0197562320487099     
           8   2.4831055149518337     
           9   1.3554361751206994     
          10   2.5268261087226778     
          11   2.5955278835429274     
          12  0.44773671657368974     
          13   1.3147222515665034     
          14   2.2251848499425138     
          15   1.9838918424052165     
          16   3.0646251823535580     
          17   4.4094573899864038     
          18  0.83107355384644843     
          19  0.93177592203106219     
          20   1.4574924919612231     
          21   2.3901582574234879     
          22  0.37252174756551187     
          23   1.1390855740740935     
          24   2.8252900372039726     
          25  0.74682640365758346     
          26   1.6896068013794390     
          27   1.4678350101753275     
          28   2.0739669550281747     
          29   2.7178848757696263     
          30  0.94060347405732603     
          31   3.7592253337527639     
          32   3.8132625911421290     
          33   1.8162118560459315     
          34  0.93348186709986236     
          35   2.1246777965594204     
          36   2.4857064385623415     
          37   3.5293545583952057     
          38   5.6216402513594446     
          39  0.99050708184758807     
          40  0.60603361729591687     
          41   2.3933553950623798     
          42   1.4972046982908369     
          43   1.0440056057232374     
          44   1.4747969887259240     
          45  0.96235834755279881     
          46   2.0847762569002168     
          47  0.89109309317461083     
          48   1.3402622284461090     
          49   1.6231649048662329     
          50   3.2559448273524048     
          51  0.71305716628259008     
          52   2.3913999804658439     
          53   3.2484852052120035     
          54   2.1796779547680614     
          55   1.7004687321440894     
          56   2.1608957205149415     
          57   2.2421783646335656     
          58   1.1416199274547882     
          59   1.3598860593205073     
          60   1.8919755566618108     
          61   1.5473414102863059     
          62   2.0702706496433447     
          63   2.7926566792420191     
          64   1.0266444417285625     
          65   1.1497156641062114     
          66   3.2625484826221278     
          67   3.0591905119918903     
          68   1.6028212270584585     
          69   5.9035372875621501     
          70   1.1177802939002994     
          71  0.45771667959128975     
          72   2.5359016204259595     
          73   2.8907975986916967     
          74   1.7313668961782394     
          75   4.0941147261015995     
          76   4.4708477647463418     
          77   1.4730913199486178     
          78   2.8893434321474718     
          79   1.2918736203652690     
          80   1.1919280049166869     
          81   2.0697861082806122     
          82   3.4255326675117157     
          83   1.3051736040344839     
          84   3.4588490778940053     
          85  0.30636222291196707     
          86   3.0029648114594445     
          87  0.71526858805663329     
          88   2.0400399306881010     
          89   1.3526051520578590     
          90   2.7265686973875223     
          91   2.1487532438959875     
          92   1.4325213796348364     
          93   1.8896496577690920     
          94   2.3257860156566705     
          95   2.2330140263794442     
          96   2.4183573473346431     
          97   4.4883278221519021     
          98   1.4373035805624157     
          99   1.9988057548506661     
         100   2.0010534892397009     
         101  0.37328702812542247     
         102   1.8776524556821628     
         103   1.5253911349195817     
         104  0.95047817825846093     
         105   3.0837693149326646     
         106   2.2773048464993702     
         107   3.9181722873722369     
         108   1.3974905211672815     
         109   2.5757470262312903     
         110   4.4554771855040114     
         111   2.8910287061350686     
         112   2.2563733941031354     
         113   2.7159792680388204     
         114   1.1621559758534554     
         115   1.6081427569016242     
         116   1.1383674496275191     
         117   2.9859932368425750     
         118   2.7547215016473663     
         119   1.9404744658165012     
         120   3.3169997905912325     
         121   3.3007974330228258     
         122   1.9431491473486919     
         123   1.4603467414985853     
         124   2.9196307993410180     
         125  0.77534943145214774     
         126   2.5689768959472281     
         127   4.8507280549646792     
         128   3.1190746119208668     
         129   1.1859053504213444     
         130  0.32337367293816116     
         131  0.88914107219979965     
         132   2.6393432747239105     
         133   2.1426370153938534     
         134   2.4524424039662369     
         135   4.6182323918821337     
         136   1.1690806218353913     
         137   2.5314871623683541     
         138   2.1774743302240327     
         139   2.6485453490603872     
         140  0.80234377718721250     
         141   3.4120039488446330     
         142  0.74017096166671870     
         143   3.8697008178815588     
         144   1.9947868871629602     
         145   3.8571079416605234     
         146   1.1788104516432807     
         147   2.1180423761003979     
         148   2.6999390594919066     
         149   1.2868530818927193     
         150   1.3983328004710356     
         151   1.7409137617397081     
         152   1.4128866877005541     
         153   4.0410217881466082     
         154   1.2407751620326333     
         155   1.0860569842790391     
         156  0.22866878968110746     
         157   3.7317931215031472     
         158   2.4593763222196916     
         159   1.1747920798592415     
         160   1.0139411194652321     
         161   2.8619989586089871     
         162   2.7927434339049113     
         163   2.5004384280767207     
         164   2.1345074767910734     
         165   4.1032492851760631     
         166   2.0835394462470291     
         167   1.7678508621806432     
         168   1.7279082698744623     
         169  0.71942691764394628     
         170  0.83923446473790586     
         171   1.6923047302953884     
         172   4.1428910183831311     
         173   2.9591207056169702     
         174   1.9581261272599944     
         175   1.0738555337961424     
         176  0.54941202351927132     
         177  0.59133565567518942     
         178   2.7569335762888763     
         179   3.4216729958020542     
         180   1.2408300336608917     
         181   2.0033708634732359     
         182  0.67676372325396761     
         183   1.7075794271417248     
         184   2.8666309837953277     
         185  0.83682240877489200     
         186   4.8297220055347241     
         187   3.9338971794638193     
         188   2.3605111728965102     
         189   3.5464867407756291     
         190  0.47599946643571933     
         191   3.0600662667490059     
         192   1.2302107662644675     
         193   4.2555841333443798     
         194  0.70657379408573873     
         195  0.67953033079499159     
         196   1.3858548708018426     
         197  0.67609347268435915     
         198  0.68897109979816418     
         199   3.5113303429638489     
         200   2.6790814604159303     
         201   3.1273940117795647     
         202  0.86173034001536941     
         203   2.3088689235051270     
         204   1.2759983272442529E-002
         205   3.3345726458082918     
         206   3.4455797080319406     
         207   1.9833470275602167     
         208   4.1014986475957285     
         209   3.7168716119666070     
         210   1.9472344454435921     
         211   3.2001164366652297     
         212  0.92650954037968980     
         213   2.9687117749605139     
         214   3.4131133747705227     
         215   1.4521798959059666     
         216   5.4138648259071980     
         217  0.36505902401240597     
         218   3.1525087795538513     
         219   2.0640101927454664     
         220   6.1543791227262457     
         221  0.78689006675355921     
         222  0.33684289161718001     
         223  0.89158195070067958     
         224   3.7018315295409270     
         225   4.9274118064404782     
         226   3.0663152565159035     
         227  0.83275740497182738     
         228   1.4000134931200694     
         229   2.4251428994093409     
         230   1.8817707238134651     
         231   2.2513792467051288     
         232   4.2807222082560639     
         233   2.7862869086224409     
         234   4.6286957627485927     
         235   1.1009504208915060     
         236   1.5776600571854635     
         237   1.1891092959824512     
         238   1.9275235642474480     
         239   1.7789500421045705     
         240   5.5015577107124098     
         241   1.9683871327192008     
         242   1.3690605313309514     
         243   2.5162349647228504     
         244   5.3159669376179899     
         245   2.6250136174566614     
         246   1.7715767316701079     
         247   1.9528138137314681     
         248   1.9684223598772088     
         249   1.3830621746175409     
         250   1.4921356829910000     
         251   3.3929924027768754     
         252   1.7089096631147360     
         253   1.2871802209805199     
         254   2.5765387923462506     
         255   3.6774352833851722     
         256   2.7856963527470060     
         257   2.6129577595517306     
         258  0.75066006464886581     
         259   1.5885279085731936     
         260   3.1168862586426482     
         261   4.2372052214554330     
         262  0.73411586218796832     
         263   2.3704173064832528     
         264   3.8943989004375630     
         265   1.8402004061303392     
         266   3.2840838070794174     
         267  0.12567657371196170     
         268   2.2197052826702470     
         269  0.94076354585648381     
         270  0.89770465233627073     
         271   1.5372655813519807     
         272   4.3333077326012441     
         273   5.4115749315224981     
         274  0.94160322694723952     
         275   4.3390838443671269     
         276   3.1345945206497374     
         277  0.69390713719692976     
         278   3.6367552422889942     
         279   1.3836335789245311     
         280  0.26969579901148749     
         281   3.9545278256195631     
         282  0.69548305693672863     
         283   2.4413249783025339     
         284   1.6423310807922364     
         285   3.5100372249157314     
         286   2.4340931109594606     
         287   3.1595022130504948     
         288   2.0823444143912195     
         289  0.40674746345558482     
         290   2.9380723887723446     
         291   1.3371734417672825     
         292   2.2165092341684223     
         293   1.6152594548579067     
         294  0.66178051499180002     
         295   4.3143020714532909     
         296   2.6300872364134489     
         297   1.5751626874466340     
         298  0.62822364921006901     
         299   2.3473389534061782     
         300   2.8737334990812093     
         301   2.0443596837517943     
         302  0.86118298769364032     
         303   1.9461803601057865     
         304  0.92623096110754610     
         305   3.5948526056458538     
         306   1.2696624772884617     
         307   2.0348685753558144     
         308   2.1185883516795370     
         309   1.7529581495937263     
         310   1.5898474956686428     
         311   2.4947531480292007     
         312   1.1198493543092860     
         313   3.1876339691948123     
         314  0.59736650496390253     
         315   2.6436996397637333     
         316   1.7046444632041933     
         317   8.1731212732275627E-002
         318   2.2362158363685904     
         319   1.9025868727301882     
         320   1.0913872577356731     
         321   2.2616156950834037     
         322   1.8580576669278632     
         323  0.73386715990407003     
         324   1.8099681313814449     
         325   1.3056091804043304     
         326   1.2137324889953653     
         327   1.3612677010152971     
         328  0.66053882789730789     
         329   2.9434851580864323     
         330   1.0956910968281461     
         331   3.9916938583447261     
         332   1.6345929317011816     
         333   1.7649050506800039     
         334   1.2163186158211217     
         335   2.9899218853152751     
         336   1.8679078722562279     
         337   3.3467181466026434     
         338   2.4167129096151112     
         339   1.1841794444114617     
         340  0.83863623475905724     
         341   1.5063191555310320     
         342   2.2389539437072199     
         343  0.91485845719426284     
         344   1.7714568562239410     
         345   1.1968359086307745     
         346   2.9458133219241498     
         347   2.5492604655400326     
         348   2.9396238764668317     
         349   4.4421798288464540     
         350   4.7157138230706774     
         351   2.3138287744797155     
         352  0.54683413115146939     
         353   2.8048970379659490     
         354   1.3690436532620407     
         355   1.4677800325329595     
         356   2.5368031473889512     
         357   4.7581415460100205     
         358   2.1235770054484928     
         359  0.89990716650831282     
         360  0.15322312976302796     
         361   3.1289574790359045     
         362   2.0938177218616474     
         363   1.2671566284786946     
         364   1.4970858964005211     
         365   1.0866544610003441     
         366   3.0671386304783401     
         367   2.2654287043598949     
         368   1.1678938699506072     
         369   2.3806394827926418     
         370   4.7523888393472919     
         371   1.8084525003876997     
         372   2.3517108649632581     
         373   1.7797172378889494     
         374  0.84809764772112295     
         375   1.6128867134912253     
         376   1.3852673422576587     
         377   2.9204919616327238     
         378   2.3367805653837368     
         379   1.3314214683924555     
         380   2.2510967818620178     
         381   3.8000402921121772     
         382   3.4087379781372524     
         383   2.9030346515448353     
         384  0.87518169242293486     
         385   4.0232466789627637     
         386   5.4969300944436528E-002
         387   2.5338537894724098     
         388   4.4738297907179776     
         389   1.2540911264647645     
         390   2.9718858656644249     
         391   1.9104427508616693     
         392   2.5286530283663984     
         393   3.7943037705846709     
         394   3.9371150601410778     
         395   3.6812350169155454     
         396  0.36799032606796100     
         397   1.1207111333694417     
         398   2.9587965449887741     
         399  0.70944948861301105     
         400   4.4243936597669338     
         401   2.9189835415226524     
         402  0.51619236337763164     
         403   2.7868278691629955     
         404   4.4233594182017679     
         405   4.2221997496868626     
         406   1.1676285422161850     
         407  0.92546711912619117     
         408   2.0986043110390953     
         409  0.90325438191236751     
         410   1.1906526777421054     
         411  0.91338236708934339     
         412  0.98688411327412506     
         413   2.2465508916888917     
         414   4.2008870337753423     
         415   2.6313269530078607     
         416   1.3453745985281840     
         417   3.1072710210420418     
         418   4.3543231345772693     
         419  0.66480483766396836     
         420   1.9583844461943336     
         421   2.7584966787431617     
         422   1.7239117773743917     
         423   3.3042233271203161     
         424   2.7568831475545008     
         425   2.6524503087091511     
         426   2.7204752640033556     
         427  0.35543712012433071     
         428   3.2461274299565033     
         429   1.1099138797280566     
         430   1.2948172690775697     
         431  0.83563456442460449     
         432   1.2998604193474885     
         433   1.0470772283889607     
         434   1.6859804391707687     
         435   1.9224321291373447     
         436  0.57088658609683618     
         437  0.38678164170798501     
         438  0.95393973985716241     
         439   5.0727075274762221     
         440   2.9164847251713359     
         441   1.9618382171064404     
         442   1.2024082394342364     
         443   4.4028447783737494     
         444   2.9562165146317065     
         445   3.7315678804278134     
         446   1.5195066412951772     
         447  0.67806161806649357     
         448   4.4780840316879695     
         449   2.5656150982666643     
         450   1.1328060520451322     
         451   3.6878218543790346     
         452   2.6139785046911781     
         453   3.2333478129005062     
         454   1.7732286405264255     
         455   1.1878099201433263     
         456   1.2255927319400617     
         457   1.1293773895050612     
         458   1.0267224555506362     
         459   4.2817891737301830     
         460   3.8973569953571903     
         461   1.3667163003485772     
         462   2.6876486819074610     
         463  0.63871127750348300     
         464  0.80729410002035207     
         465   3.4467242354199414     
         466   2.0168920252140059     
         467   3.2142867137593178     
         468  0.37202401797558032     
         469   2.4765943012324394     
         470   4.4420795738240662     
         471   1.8754627651341047     
         472   1.8919146657375823     
         473   2.7228867462438289     
         474   2.3844912111430903     
         475   1.2383293124597021     
         476   3.3884307379011962     
         477   2.1790115193614508     
         478   2.0160350144926595     
         479   2.6508788251205213     
         480   3.5077165688781986     
         481   1.4989131803416316     
         482   1.5793940225129908     
         483   2.3254371293778000     
         484   1.1881982355478551     
         485   1.1963451782790135     
         486   2.4041216635783420     
         487   1.8699794940886871     
         488   2.3573498385125542     
         489   1.2395251932815585     
         490   2.1471465106410896     
         491  0.45349241399077300     
         492  0.48383794742729597     
         493   2.4148513248829282     
         494   2.4161756495337752     
         495   1.4444610663408959     
         496   2.1873747484330632     
         497   2.8009774754666239     
         498   2.9828877903074180     
         499   4.7026591386903434     
         500   2.0980088874041725     
         501   4.3568645074445920     
         502   2.4724512492331749     
         503   2.6458925882957147     
         504   2.7060378524900939     
         505   1.6260887544763352     
         506   2.9866099482194608     
         507   2.3058703318021769     
         508   3.8600961380840917     
         509   1.8215854445984889     
         510   2.5683554273327243     
         511   4.2311819899849654     
         512   1.6439942971360810     
         513   1.6088288448811203     
         514   0.0000000000000000     
         515   0.0000000000000000     
         516   0.0000000000000000     
         517   0.0000000000000000     
         518   0.0000000000000000     
         519   0.0000000000000000     
         520   0.0000000000000000     
         521   0.0000000000000000     
         522   0.0000000000000000     
         523   0.0000000000000000     
         524   0.0000000000000000     
         525   0.0000000000000000     
         526   0.0000000000000000     
         527   0.0000000000000000     
         528   0.0000000000000000     
         529   0.0000000000000000     
         530   0.0000000000000000     
         531   0.0000000000000000     
         532   0.0000000000000000     
         533   0.0000000000000000     
         534   0.0000000000000000     
         535   0.0000000000000000     
         536   0.0000000000000000     
         537   0.0000000000000000     
         538   0.0000000000000000     
         539   0.0000000000000000     
         540   0.0000000000000000     
         541   0.0000000000000000     
         542   0.0000000000000000     
         543   0.0000000000000000     
         544   0.0000000000000000     
         545   0.0000000000000000     
         546   0.0000000000000000     
         547   0.0000000000000000     
         548   0.0000000000000000     
         549   0.0000000000000000     
         550   0.0000000000000000     
         551   0.0000000000000000     
         552   0.0000000000000000     
         553   0.0000000000000000     
         554   0.0000000000000000     
         555   0.0000000000000000     
         556   0.0000000000000000     
         557   0.0000000000000000     
         558   0.0000000000000000     
         559   0.0000000000000000     
         560   0.0000000000000000     
         561   0.0000000000000000     
         562   0.0000000000000000     
         563   0.0000000000000000     
         564   0.0000000000000000     
         565   0.0000000000000000     
         566   0.0000000000000000     
         567   0.0000000000000000     
         568   0.0000000000000000     
         569   0.0000000000000000     
         570   0.0000000000000000     
         571   0.0000000000000000     
         572   0.0000000000000000     
         573   0.0000000000000000     
         574   0.0000000000000000     
         575   0.0000000000000000     
         576   0.0000000000000000     
         577   0.0000000000000000     
         578   0.0000000000000000     
         579   0.0000000000000000     
         580   0.0000000000000000     
         581   0.0000000000000000     
         582   0.0000000000000000     
         583   0.0000000000000000     
         584   0.0000000000000000     
         585   0.0000000000000000     
         586   0.0000000000000000     
         587   0.0000000000000000     
         588   0.0000000000000000     
         589   0.0000000000000000     
         590   0.0000000000000000     
         591   0.0000000000000000     
         592   0.0000000000000000     
         593   0.0000000000000000     
         594   0.0000000000000000     
         595   0.0000000000000000     
         596   0.0000000000000000     
         597   0.0000000000000000     
         598   0.0000000000000000     
         599   0.0000000000000000     
         600   0.0000000000000000     
         601   0.0000000000000000     
         602   0.0000000000000000     
         603   0.0000000000000000     
         604   0.0000000000000000     
         605   0.0000000000000000     
         606   0.0000000000000000     
         607   0.0000000000000000     
         608   0.0000000000000000     
         609   0.0000000000000000     
         610   0.0000000000000000     
         611   0.0000000000000000     
         612   0.0000000000000000     
         613   0.0000000000000000     
         614   0.0000000000000000     
         615   0.0000000000000000     
         616   0.0000000000000000     
         617   0.0000000000000000     
         618   0.0000000000000000     
         619   0.0000000000000000     
         620   0.0000000000000000     
         621   0.0000000000000000     
         622   0.0000000000000000     
         623   0.0000000000000000     
         624   0.0000000000000000     
         625   0.0000000000000000     
         626   0.0000000000000000     
         627   0.0000000000000000     
         628   0.0000000000000000     
         629   0.0000000000000000     
         630   0.0000000000000000     
         631   0.0000000000000000     
         632   0.0000000000000000     
         633   0.0000000000000000     
         634   0.0000000000000000     
         635   0.0000000000000000     
         636   0.0000000000000000     
         637   0.0000000000000000     
         638   0.0000000000000000     
         639   0.0000000000000000     
         640   0.0000000000000000     
         641   0.0000000000000000     
         642   0.0000000000000000     
         643   0.0000000000000000     
         644   0.0000000000000000     
         645   0.0000000000000000     
         646   0.0000000000000000     
         647   0.0000000000000000     
         648   0.0000000000000000     
         649   0.0000000000000000     
         650   0.0000000000000000     
         651   0.0000000000000000     
         652   0.0000000000000000     
         653   0.0000000000000000     
         654   0.0000000000000000     
         655   0.0000000000000000     
         656   0.0000000000000000     
         657   0.0000000000000000     
         658   0.0000000000000000     
         659   0.0000000000000000     
         660   0.0000000000000000     
         661   0.0000000000000000     
         662   0.0000000000000000     
         663   0.0000000000000000     
         664   0.0000000000000000     
         665   0.0000000000000000     
         666   0.0000000000000000     
         667   0.0000000000000000     
         668   0.0000000000000000     
         669   0.0000000000000000     
         670   0.0000000000000000     
         671   0.0000000000000000     
         672   0.0000000000000000     
         673   0.0000000000000000     
         674   0.0000000000000000     
         675   0.0000000000000000     
         676   0.0000000000000000     
         677   0.0000000000000000     
         678   0.0000000000000000     
         679   0.0000000000000000     
         680   0.0000000000000000     
         681   0.0000000000000000     
         682   0.0000000000000000     
         683   0.0000000000000000     
         684   0.0000000000000000     
         685   0.0000000000000000     
         686   0.0000000000000000     
         687   0.0000000000000000     
         688   0.0000000000000000     
         689   0.0000000000000000     
         690   0.0000000000000000     
         691   0.0000000000000000     
         692   0.0000000000000000     
         693   0.0000000000000000     
         694   0.0000000000000000     
         695   0.0000000000000000     
         696   0.0000000000000000     
         697   0.0000000000000000     
         698   0.0000000000000000     
         699   0.0000000000000000     
         700   0.0000000000000000     
         701   0.0000000000000000     
         702   0.0000000000000000     
         703   0.0000000000000000     
         704   0.0000000000000000     
         705   0.0000000000000000     
         706   0.0000000000000000     
         707   0.0000000000000000     
         708   0.0000000000000000     
         709   0.0000000000000000     
         710   0.0000000000000000     
         711   0.0000000000000000     
         712   0.0000000000000000     
         713   0.0000000000000000     
         714   0.0000000000000000     
         715   0.0000000000000000     
         716   0.0000000000000000     
         717   0.0000000000000000     
         718   0.0000000000000000     
         719   0.0000000000000000     
         720   0.0000000000000000     
         721   0.0000000000000000     
         722   0.0000000000000000     
         723   0.0000000000000000     
         724   0.0000000000000000     
         725   0.0000000000000000     
         726   0.0000000000000000     
         727   0.0000000000000000     
         728   0.0000000000000000     
         729   0.0000000000000000     
         730   0.0000000000000000     
         731   0.0000000000000000     
         732   0.0000000000000000     
         733   0.0000000000000000     
         734   0.0000000000000000     
         735   0.0000000000000000     
         736   0.0000000000000000     
         737   0.0000000000000000     
         738   0.0000000000000000     
         739   0.0000000000000000     
         740   0.0000000000000000     
         741   0.0000000000000000     
         742   0.0000000000000000     
         743   0.0000000000000000     
         744   0.0000000000000000     
         745   0.0000000000000000     
         746   0.0000000000000000     
         747   0.0000000000000000     
         748   0.0000000000000000     
         749   0.0000000000000000     
         750   0.0000000000000000     
         751   0.0000000000000000     
         752   0.0000000000000000     
         753   0.0000000000000000     
         754   0.0000000000000000     
         755   0.0000000000000000     
         756   0.0000000000000000     
         757   0.0000000000000000     
         758   0.0000000000000000     
         759   0.0000000000000000     
         760   0.0000000000000000     
         761   0.0000000000000000     
         762   0.0000000000000000     
         763   0.0000000000000000     
         764   0.0000000000000000     
         765   0.0000000000000000     
         766   0.0000000000000000     
         767   0.0000000000000000     
         768   0.0000000000000000     
         769   0.0000000000000000     
         770   0.0000000000000000     
         771   0.0000000000000000     
         772   0.0000000000000000     
         773   0.0000000000000000     
         774   0.0000000000000000     
         775   0.0000000000000000     
         776   0.0000000000000000     
         777   0.0000000000000000     
         778   0.0000000000000000     
         779   0.0000000000000000     
         780   0.0000000000000000     
         781   0.0000000000000000     
         782   0.0000000000000000     
         783   0.0000000000000000     
         784   0.0000000000000000     
         785   0.0000000000000000     
         786   0.0000000000000000     
         787   0.0000000000000000     
         788   0.0000000000000000     
         789   0.0000000000000000     
         790   0.0000000000000000     
         791   0.0000000000000000     
         792   0.0000000000000000     
         793   0.0000000000000000     
         794   0.0000000000000000     
         795   0.0000000000000000     
         796   0.0000000000000000     
         797   0.0000000000000000     
         798   0.0000000000000000     
         799   0.0000000000000000     
         800   0.0000000000000000     
         801   0.0000000000000000     
         802   0.0000000000000000     
         803   0.0000000000000000     
         804   0.0000000000000000     
         805   0.0000000000000000     
         806   0.0000000000000000     
         807   0.0000000000000000     
         808   0.0000000000000000     
         809   0.0000000000000000     
         810   0.0000000000000000     
         811   0.0000000000000000     
         812   0.0000000000000000     
         813   0.0000000000000000     
         814   0.0000000000000000     
         815   0.0000000000000000     
         816   0.0000000000000000     
         817   0.0000000000000000     
         818   0.0000000000000000     
         819   0.0000000000000000     
         820   0.0000000000000000     
         821   0.0000000000000000     
         822   0.0000000000000000     
         823   0.0000000000000000     
         824   0.0000000000000000     
         825   0.0000000000000000     
         826   0.0000000000000000     
         827   0.0000000000000000     
         828   0.0000000000000000     
         829   0.0000000000000000     
         830   0.0000000000000000     
         831   0.0000000000000000     
         832   0.0000000000000000     
         833   0.0000000000000000     
         834   0.0000000000000000     
         835   0.0000000000000000     
         836   0.0000000000000000     
         837   0.0000000000000000     
         838   0.0000000000000000     
         839   0.0000000000000000     
         840   0.0000000000000000     
         841   0.0000000000000000     
         842   0.0000000000000000     
         843   0.0000000000000000     
         844   0.0000000000000000     
         845   0.0000000000000000     
         846   0.0000000000000000     
         847   0.0000000000000000     
         848   0.0000000000000000     
         849   0.0000000000000000     
         850   0.0000000000000000     
         851   0.0000000000000000     
         852   0.0000000000000000     
         853   0.0000000000000000     
         854   0.0000000000000000     
         855   0.0000000000000000     
         856   0.0000000000000000     
         857   0.0000000000000000     
         858   0.0000000000000000     
         859   0.0000000000000000     
         860   0.0000000000000000     
         861   0.0000000000000000     
         862   0.0000000000000000     
         863   0.0000000000000000     
         864   0.0000000000000000     
         865   0.0000000000000000     
         866   0.0000000000000000     
         867   0.0000000000000000     
         868   0.0000000000000000     
         869   0.0000000000000000     
         870   0.0000000000000000     
         871   0.0000000000000000     
         872   0.0000000000000000     
         873   0.0000000000000000     
         874   0.0000000000000000     
         875   0.0000000000000000     
         876   0.0000000000000000     
         877   0.0000000000000000     
         878   0.0000000000000000     
         879   0.0000000000000000     
         880   0.0000000000000000     
         881   0.0000000000000000     
         882   0.0000000000000000     
         883   0.0000000000000000     
         884   0.0000000000000000     
         885   0.0000000000000000     
         886   0.0000000000000000     
         887   0.0000000000000000     
         888   0.0000000000000000     
         889   0.0000000000000000     
         890   0.0000000000000000     
         891   0.0000000000000000     
         892   0.0000000000000000     
         893   0.0000000000000000     
         894   0.0000000000000000     
         895   0.0000000000000000     
         896   0.0000000000000000     
         897   0.0000000000000000     
         898   0.0000000000000000     
         899   0.0000000000000000     
         900   0.0000000000000000     
         901   0.0000000000000000     
         902   0.0000000000000000     
         903   0.0000000000000000     
         904   0.0000000000000000     
         905   0.0000000000000000     
         906   0.0000000000000000     
         907   0.0000000000000000     
         908   0.0000000000000000     
         909   0.0000000000000000     
         910   0.0000000000000000     
         911   0.0000000000000000     
         912   0.0000000000000000     
         913   0.0000000000000000     
         914   0.0000000000000000     
         915   0.0000000000000000     
         916   0.0000000000000000     
         917   0.0000000000000000     
         918   0.0000000000000000     
         919   0.0000000000000000     
         920   0.0000000000000000     
         921   0.0000000000000000     
         922   0.0000000000000000     
         923   0.0000000000000000     
         924   0.0000000000000000     
         925   0.0000000000000000     
         926   0.0000000000000000     
         927   0.0000000000000000     
         928   0.0000000000000000     
         929   0.0000000000000000     
         930   0.0000000000000000     
         931   0.0000000000000000     
         932   0.0000000000000000     
         933   0.0000000000000000     
         934   0.0000000000000000     
         935   0.0000000000000000     
         936   0.0000000000000000     
         937   0.0000000000000000     
         938   0.0000000000000000     
         939   0.0000000000000000     
         940   0.0000000000000000     
         941   0.0000000000000000     
         942   0.0000000000000000     
         943   0.0000000000000000     
         944   0.0000000000000000     
         945   0.0000000000000000     
         946   0.0000000000000000     
         947   0.0000000000000000     
         948   0.0000000000000000     
         949   0.0000000000000000     
         950   0.0000000000000000     
         951   0.0000000000000000     
         952   0.0000000000000000     
         953   0.0000000000000000     
         954   0.0000000000000000     
         955   0.0000000000000000     
         956   0.0000000000000000     
         957   0.0000000000000000     
         958   0.0000000000000000     
         959   0.0000000000000000     
         960   0.0000000000000000     
         961   0.0000000000000000     
         962   0.0000000000000000     
         963   0.0000000000000000     
         964   0.0000000000000000     
         965   0.0000000000000000     
         966   0.0000000000000000     
         967   0.0000000000000000     
         968   0.0000000000000000     
         969   0.0000000000000000     
         970   0.0000000000000000     
         971   0.0000000000000000     
         972   0.0000000000000000     
         973   0.0000000000000000     
         974   0.0000000000000000     
         975   0.0000000000000000     
         976   0.0000000000000000     
         977   0.0000000000000000     
         978   0.0000000000000000     
         979   0.0000000000000000     
         980   0.0000000000000000     
         981   0.0000000000000000     
         982   0.0000000000000000     
         983   0.0000000000000000     
         984   0.0000000000000000     
         985   0.0000000000000000     
         986   0.0000000000000000     
         987   0.0000000000000000     
         988   0.0000000000000000     
         989   0.0000000000000000     
         990   0.0000000000000000     
         991   0.0000000000000000     
         992   0.0000000000000000     
         993   0.0000000000000000     
         994   0.0000000000000000     
         995   0.0000000000000000     
         996   0.0000000000000000     
         997   0.0000000000000000     
         998   0.0000000000000000     
         999   0.0000000000000000     
        1000   0.0000000000000000     
        1001   0.0000000000000000     
        1002   0.0000000000000000     
        1003   0.0000000000000000     
        1004   0.0000000000000000     
        1005   0.0000000000000000     
        1006   0.0000000000000000     
        1007   0.0000000000000000     
        1008   0.0000000000000000     
        1009   0.0000000000000000     
        1010   0.0000000000000000     
        1011   0.0000000000000000     
        1012   0.0000000000000000     
        1013   0.0000000000000000     
        1014   0.0000000000000000     
        1015   0.0000000000000000     
        1016   0.0000000000000000     
        1017   0.0000000000000000     
        1018   0.0000000000000000     
        1019   0.0000000000000000     
        1020   0.0000000000000000     
        1021   0.0000000000000000     
        1022   0.0000000000000000     
        1023   0.0000000000000000     
        1024   0.0000000000000000     
