   0.00000000000000000000000000000000000         0.0000000000000000     
   9.77517105638980865478515625000000000E-0004   2.2076611775139776     
   1.95503421127796173095703125000000000E-0003  -1.3271495382329432     
   2.93255131691694259643554687500000000E-0003   1.2526966942937348     
   3.91006842255592346191406250000000000E-0003  -1.7596736013566265     
   4.88758552819490432739257812500000000E-0003 -0.70396028361610197     
   5.86510263383388519287109375000000000E-0003   2.5345659212174874     
   6.84261973947286605834960937500000000E-0003  -1.2564586966911666     
   7.82013684511184692382812500000000000E-0003   1.0461181210630282     
   8.79765395075082778930664062500000000E-0003  -1.2290086029925096     
   9.77517105638980865478515625000000000E-0003  -1.3597532443948042     
   1.07526881620287895202636718750000000E-0002   2.7105896196018104     
   1.17302052676677703857421875000000000E-0002  -1.0400766496803640     
   1.27077223733067512512207031250000000E-0002  0.73171098483745611     
   1.36852394789457321166992187500000000E-0002 -0.65953708422188806     
   1.46627565845847129821777343750000000E-0002  -1.9229199221823301     
   1.56402736902236938476562500000000000E-0002   2.7170126147720821     
   1.66177907958626747131347656250000000E-0002 -0.69009688874559383     
   1.75953079015016555786132812500000000E-0002  0.34293866366933434     
   1.85728250071406364440917968750000000E-0002  -9.7037518049423066E-002
   1.95503421127796173095703125000000000E-0002  -2.3561227377650718     
   2.05278592184185981750488281250000000E-0002   2.5477942307966663     
   2.15053763240575790405273437500000000E-0002 -0.23038753426231839     
   2.24828934296965599060058593750000000E-0002  -8.0430600383786577E-002
   2.34604105353355407714843750000000000E-0002  0.41449100082448737     
   2.44379276409745216369628906250000000E-0002  -2.6319915529245450     
   2.54154447466135025024414062500000000E-0002   2.2101714326920194     
   2.63929618522524833679199218750000000E-0002  0.30524437528485554     
   2.73704789578914642333984375000000000E-0002 -0.49569947084067578     
   2.83479960635304450988769531250000000E-0002  0.83634765107789821     
   2.93255131691694259643554687500000000E-0002  -2.7351767088110890     
   3.03030302748084068298339843750000000E-0002   1.7242052067521112     
   3.12805473804473876953125000000000000E-0002  0.87571176065246703     
   3.22580644860863685607910156250000000E-0002 -0.86085619559707960     
   3.32355815917253494262695312500000000E-0002   1.1381976845537642     
   3.42130986973643302917480468750000000E-0002  -2.6634466810521222     
   3.51906158030033111572265625000000000E-0002   1.1213085948482058     
   3.61681329086422920227050781250000000E-0002   1.4359165961722640     
   3.71456500142812728881835937500000000E-0002  -1.1381333708776324     
   3.81231671199202537536621093750000000E-0002   1.3004429318087947     
   3.91006842255592346191406250000000000E-0002  -2.4277447139831776     
   4.00782013311982154846191406250000000E-0002  0.44187207711861237     
   4.10557184368371963500976562500000000E-0002   1.9403666178430530     
   4.20332355424761772155761718750000000E-0002  -1.2972204858817817     
   4.30107526481151580810546875000000000E-0002   1.3157054765702307     
   4.39882697537541389465332031250000000E-0002  -2.0512023647360711     
   4.49657868593931198120117187500000000E-0002 -0.26782550518252340     
   4.59433039650321006774902343750000000E-0002   2.3468485342691658     
   4.69208210706710815429687500000000000E-0002  -1.3178679298365172     
   4.78983381763100624084472656250000000E-0002   1.1893068686803554     
   4.88758552819490432739257812500000000E-0002  -1.5671915725052912     
   4.98533723875880241394042968750000000E-0002 -0.95917489954935764     
   5.08308894932270050048828125000000000E-0002   2.6198615751697290     
   5.18084065988659858703613281250000000E-0002  -1.1916693387870041     
   5.27859237045049667358398437500000000E-0002  0.93870659210515006     
   5.37634408101439476013183593750000000E-0002  -1.0165739326630729     
   5.47409579157829284667968750000000000E-0002  -1.5849800060868875     
   5.57184750214219093322753906250000000E-0002   2.7335340286108041     
   5.66959921270608901977539062500000000E-0002 -0.92287559674245712     
   5.76735092326998710632324218750000000E-0002  0.59194772834705212     
   5.86510263383388519287109375000000000E-0002 -0.44437009742000866     
   5.96285434439778327941894531250000000E-0002  -2.1030888824670781     
   6.06060605496168136596679687500000000E-0002   2.6737865990024363     
   6.15835776552557945251464843750000000E-0002 -0.52817212612518094     
   6.25610947608947753906250000000000000E-0002  0.18523806145655985     
   6.35386118665337562561035156250000000E-0002  0.10388152360927777     
   6.45161289721727371215820312500000000E-0002  -2.4796230613130112     
   6.54936460778117179870605468750000000E-0002   2.4395666543126944     
   6.64711631834506988525390625000000000E-0002  -3.5434988319772300E-002
   6.74486802890896797180175781250000000E-0002 -0.24013521904675092     
   6.84261973947286605834960937500000000E-0002  0.58578304596739461     
   6.94037145003676414489746093750000000E-0002  -2.6915483256842201     
   7.03812316060066223144531250000000000E-0002   2.0430518777956466     
   7.13587487116456031799316406250000000E-0002  0.51843600069704565     
   7.23362658172845840454101562500000000E-0002 -0.64130518547228499     
   7.33137829229235649108886718750000000E-0002  0.96545779144918276     
   7.42913000285625457763671875000000000E-0002  -2.7283829937661688     
   7.52688171342015266418457031250000000E-0002   1.5088045058567192     
   7.62463342398405075073242187500000000E-0002   1.0904341234849537     
   7.72238513454794883728027343750000000E-0002 -0.97745368187148018     
   7.82013684511184692382812500000000000E-0002   1.2163816512710286     
   7.91788855567574501037597656250000000E-0002  -2.5929090401147037     
   8.01564026623964309692382812500000000E-0002  0.87194156529975175     
   8.11339197680354118347167968750000000E-0002   1.6348786663781432     
   8.21114368736743927001953125000000000E-0002  -1.2132727345338259     
   8.30889539793133735656738281250000000E-0002   1.3234381657582799     
   8.40664710849523544311523437500000000E-0002  -2.3008314496012705     
   8.50439881905913352966308593750000000E-0002  0.17546553879451454     
   8.60215052962303161621093750000000000E-0002   2.1070878876792523     
   8.69990224018692970275878906250000000E-0002  -1.3219764278360797     
   8.79765395075082778930664062500000000E-0002   1.2840333724481801     
   8.89540566131472587585449218750000000E-0002  -1.8794156147350121     
   8.99315737187862396240234375000000000E-0002 -0.53303267511667596     
   9.09090908244252204895019531250000000E-0002   2.4669962155509357     
   9.18866079300642013549804687500000000E-0002  -1.2876171489201422     
   9.28641250357031822204589843750000000E-0002   1.1081826706892830     
   9.38416421413421630859375000000000000E-0002  -1.3652145513788638     
   9.48191592469811439514160156250000000E-0002  -1.2050362120416951     
   9.57966763526201248168945312500000000E-0002   2.6824238359504586     
   9.67741934582591056823730468750000000E-0002  -1.1065163445083819     
   9.77517105638980865478515625000000000E-0002  0.81756517652404281     
   9.87292276695370674133300781250000000E-0002 -0.80107062453114775     
   9.97067447751760482788085937500000000E-0002  -1.7948384464980782     
  0.100684261880815029144287109375000000         2.7317343505639129     
  0.101661778986454010009765625000000000       -0.78769153814047022     
  0.102639296092092990875244140625000000        0.44362458201159494     
  0.103616813197731971740722656250000000       -0.23263447727159536     
  0.104594330303370952606201171875000000        -2.2630553698231535     
  0.105571847409009933471679687500000000         2.6056650225215128     
  0.106549364514648914337158203125000000       -0.35224255066335708     
  0.107526881620287895202636718750000000         2.4872648980855960E-002
  0.108504398725926876068115234375000000        0.29531772272605067     
  0.109481915831565856933593750000000000        -2.5796345441660047     
  0.110459432937204837799072265625000000         2.3081803575496487     
  0.111436950042843818664550781250000000        0.16825589867468096     
  0.112414467148482799530029296875000000       -0.39638406179906438     
  0.113391984254121780395507812500000000        0.74247185003546823     
  0.114369501359760761260986328125000000        -2.7261214825368882     
  0.115347018465399742126464843750000000         1.8562780618176786     
  0.116324535571038722991943359375000000        0.73422755435970677     
  0.117302052676677703857421875000000000       -0.77762699887429509     
  0.118279569782316684722900390625000000         1.0761795041076412     
  0.119257086887955665588378906250000000        -2.6970039573464617     
  0.120234603993594646453857421875000000         1.2787604738131872     
  0.121212121099233627319335937500000000         1.3012360646418553     
  0.122189638204872608184814453125000000        -1.0797257178170983     
  0.123167155310511589050292968750000000         1.2740205391534272     
  0.124144672416150569915771484375000000        -2.5000287942294870     
  0.125122189521789550781250000000000000        0.61406761958776157     
  0.126099706627428531646728515625000000         1.8235423032965126     
  0.127077223733067512512207031250000000        -1.2702616229123789     
  0.128054740838706493377685546875000000         1.3255193164671657     
  0.129032257944345474243164062500000000        -2.1554682013525213     
  0.130009775049984455108642578125000000        -9.2656598008891797E-002
  0.130987292155623435974121093750000000         2.2577913709006774     
  0.131964809261262416839599609375000000        -1.3263040458438162     
  0.132942326366901397705078125000000000         1.2328782009573054     
  0.133919843472540378570556640625000000        -1.6943969750750385     
  0.134897360578179359436035156250000000       -0.79303196298828393     
  0.135874877683818340301513671875000000         2.5665321225981761     
  0.136852394789457321166992187500000000        -1.2364116273065888     
  0.137829911895096302032470703125000000         1.0106714318469656     
  0.138807429000735282897949218750000000        -1.1561212252076920     
  0.139784946106374263763427734375000000        -1.4391672664383761     
  0.140762463212013244628906250000000000         2.7212850664094046     
  0.141739980317652225494384765625000000        -1.0016946040574419     
  0.142717497423291206359863281250000000        0.68452664344600000     
  0.143695014528930187225341796875000000       -0.58496719454358959     
  0.144672531634569168090820312500000000        -1.9873466763020950     
  0.145650048740208148956298828125000000         2.7049103837987665     
  0.146627565845847129821777343750000000       -0.63584955217487960     
  0.147605082951486110687255859375000000        0.28890320692237831     
  0.148582600057125091552734375000000000        -2.6689842304376057E-002
  0.149560117162764072418212890625000000        -2.4013835794512186     
  0.150537634268403053283691406250000000         2.5130837585564643     
  0.151515151374042034149169921875000000       -0.16416127117964258     
  0.152492668479681015014648437500000000       -0.13585039807065225     
  0.153470185585319995880126953125000000        0.47520898847663573     
  0.154447702690958976745605468750000000        -2.6553750368560807     
  0.155425219796597957611083984375000000         2.1547591628303637     
  0.156402736902236938476562500000000000        0.37844989315687283     
  0.157380254007875919342041015625000000       -0.54691968342157071     
  0.158357771113514900207519531250000000        0.88295621365344190     
  0.159335288219153881072998046875000000        -2.7356381474836931     
  0.160312805324792861938476562500000000         1.6515789900679447     
  0.161290322430431842803955078125000000        0.95017964298443081     
  0.162267839536070823669433593750000000       -0.90264838574918060     
  0.163245356641709804534912109375000000         1.1674974699720582     
  0.164222873747348785400390625000000000        -2.6416753303918075     
  0.165200390852987766265869140625000000         1.0362764046031290     
  0.166177907958626747131347656250000000         1.5056697571839295     
  0.167155425064265727996826171875000000        -1.1660682364066415     
  0.168132942169904708862304687500000000         1.3107615325675628     
  0.169110459275543689727783203125000000        -2.3860935158288821     
  0.170087976381182670593261718750000000        0.35019569556942182     
  0.171065493486821651458740234375000000         1.9996489774256949     
  0.172043010592460632324218750000000000        -1.3080463074518585     
  0.173020527698099613189697265625000000         1.3070182594875792     
  0.173998044803738594055175781250000000        -1.9934862061228245     
  0.174975561909377574920654296875000000       -0.35987273636959705     
  0.175953079015016555786132812500000000         2.3905916270864083     
  0.176930596120655536651611328125000000        -1.3097928857790226     
  0.177908113226294517517089843750000000         1.1632226195237305     
  0.178885630331933498382568359375000000        -1.4983705653857087     
  0.179863147437572479248046875000000000        -1.0452910715191954     
  0.180840664543211460113525390625000000         2.6440989085374906     
  0.181818181648850440979003906250000000        -1.1645245250241203     
  0.182795698754489421844482421875000000        0.89831946290090858     
  0.183773215860128402709960937500000000       -0.94234742641597802     
  0.184750732965767383575439453125000000        -1.6593199105217205     
  0.185728250071406364440917968750000000         2.7357296768143877     
  0.186705767177045345306396484375000000       -0.87814523707088066     
  0.187683284282684326171875000000000000        0.54156779153598311     
  0.188660801388323307037353515625000000       -0.37071426924593687     
  0.189638318493962287902832031250000000        -2.1607129048476881     
  0.190615835599601268768310546875000000         2.6530513717374196     
  0.191593352705240249633789062500000000       -0.46888820210090643     
  0.192570869810879230499267578125000000        0.13002259229566857     
  0.193548386916518211364746093750000000        0.17119517210162744     
  0.194525904022157192230224609375000000        -2.5168739724306870     
  0.195503421127796173095703125000000000         2.3967441793415247     
  0.196480938233435153961181640625000000         3.4055507917718102E-002
  0.197458455339074134826660156250000000       -0.29461958419945122     
  0.198435972444713115692138671875000000        0.64164948403002198     
  0.199413489550352096557617187500000000        -2.7063260369717077     
  0.200391006655991077423095703125000000         1.9806673683650795     
  0.201368523761630058288574218750000000        0.59281266849099323     
  0.202346040867269039154052734375000000       -0.68955367947400492     
  0.203323557972908020019531250000000000         1.0058433977128136     
  0.204301075078547000885009765625000000        -2.7202955385497893     
  0.205278592184185981750488281250000000         1.4308800024096704     
  0.206256109289824962615966796875000000         1.1638262575586857     
  0.207233626395463943481445312500000000        -1.0144895913482439     
  0.208211143501102924346923828125000000         1.2386397926902302     
  0.209188660606741905212402343750000000        -2.5632879830851483     
  0.210166177712380886077880859375000000        0.78369216147620790     
  0.211143694818019866943359375000000000         1.7013358794187046     
  0.212121211923658847808837890625000000        -1.2350705121546917     
  0.213098729029297828674316406250000000         1.3265101766889433     
  0.214076246134936809539794921875000000        -2.2526108102817304     
  0.215053763240575790405273437500000000         8.2900660506471588E-002
  0.216031280346214771270751953125000000         2.1610603747507389     
  0.217008797451853752136230468750000000        -1.3258071874400152     
  0.217986314557492733001708984375000000         1.2685189863108008     
  0.218963831663131713867187500000000000        -1.8168843412490121     
  0.219941348768770694732666015625000000       -0.62357124131188491     
  0.220918865874409675598144531250000000         2.5037859412367576     
  0.221896382980048656463623046875000000        -1.2722882732806859     
  0.222873900085687637329101562500000000         1.0762745295815010     
  0.223851417191326618194580078125000000        -1.2936627168746078     
  0.224828934296965599060058593750000000        -1.2873627631587534     
  0.225806451402604579925537109375000000         2.6985702035439108     
  0.226783968508243560791015625000000000        -1.0724854971103497     
  0.227761485613882541656494140625000000        0.77285304409304001     
  0.228739002719521522521972656250000000       -0.72635802444477793     
  0.229716519825160503387451171875000000        -1.8633993747222259     
  0.230694036930799484252929687500000000         2.7253031294078243     
  0.231671554036438465118408203125000000       -0.73704552832082892     
  0.232649071142077445983886718750000000        0.39078542446515968     
  0.233626588247716426849365234375000000       -0.16071649692089812     
  0.234604105353355407714843750000000000        -2.3133548352643993     
  0.235581622458994388580322265625000000         2.5764170456024655     
  0.236559139564633369445800781250000000       -0.28854243647149264     
  0.237536656670272350311279296875000000        -3.0728021866477630E-002
  0.238514173775911331176757812500000000        0.35886872162663086     
  0.239491690881550312042236328125000000        -2.6085759471619525     
  0.240469207987189292907714843750000000         2.2576061344599028     
  0.241446725092828273773193359375000000        0.24025125564627314     
  0.242424242198467254638671875000000000       -0.44914701547749131     
  0.243401759304106235504150390625000000        0.79291107947359185     
  0.244379276409745216369628906250000000        -2.7322376384414295     
  0.245356793515384197235107421875000000         1.7874952070255028     
  0.246334310621023178100585937500000000        0.80893741692746346     
  0.247311827726662158966064453125000000       -0.82219317473329234     
  0.248289344832301139831542968750000000         1.1099645018949691     
  0.249266861937940120697021484375000000        -2.6805578164864459     
  0.250244379043579101562500000000000000         1.1962818611330281     
  0.251221896149218082427978515625000000         1.3727030884367879     
  0.252199413254857063293457031250000000        -1.1114305258028230     
  0.253176930360496044158935546875000000         1.2890860763447765     
  0.254154447466135025024414062500000000        -2.4629769448054755     
  0.255131964571774005889892578125000000        0.52345855435046884     
  0.256109481677412986755371093750000000         1.8859113522671305     
  0.257086998783051967620849609375000000        -1.2855325907047614     
  0.258064515888690948486328125000000000         1.3214305195492004     
  0.259042032994329929351806640625000000        -2.1012904065260449     
  0.260019550099968910217285156250000000       -0.18520498313029166     
  0.260997067205607891082763671875000000         2.3057833182738805     
  0.261974584311246871948242187500000000        -1.3229693260186373     
  0.262952101416885852813720703125000000         1.2108498183235674     
  0.263929618522524833679199218750000000        -1.6278057406574502     
  0.264907135628163814544677734375000000       -0.88117915205562636     
  0.265884652733802795410156250000000000         2.5958744145263042     
  0.266862169839441776275634765625000000        -1.2138940847760840     
  0.267839686945080757141113281250000000        0.97345201141966753     
  0.268817204050719738006591796875000000        -1.0826750063276656     
  0.269794721156358718872070312500000000        -1.5169117032525681     
  0.270772238261997699737548828125000000         2.7290642455617422     
  0.271749755367636680603027343750000000       -0.96107545637109615     
  0.272727272473275661468505859375000000        0.63615731855644597     
  0.273704789578914642333984375000000000       -0.51061855493594799     
  0.274682306684553623199462890625000000        -2.0494871092577411     
  0.275659823790192604064941406250000000         2.6898179970339817     
  0.276637340895831584930419921875000000       -0.57979608705309382     
  0.277614858001470565795898437500000000        0.23437092897347808     
  0.278592375107109546661376953125000000         4.2694941309961425E-002
  0.279569892212748527526855468750000000        -2.4439166804914150     
  0.280547409318387508392333984375000000         2.4755356059781848     
  0.281524926424026489257812500000000000        -9.6724165748096558E-002
  0.282502443529665470123291015625000000       -0.19103680709083851     
  0.283479960635304450988769531250000000        0.53432014813974327     
  0.284457477740943431854248046875000000        -2.6757976868361202     
  0.285434994846582412719726562500000000         2.0968779984892252     
  0.286412511952221393585205078125000000        0.45215356599485823     
  0.287390029057860374450683593750000000       -0.59719604619248035     
  0.288367546163499355316162109375000000        0.92746269438489548     
  0.289345063269138336181640625000000000        -2.7331304387349484     
  0.290322580374777317047119140625000000         1.5770417402065595     
  0.291300097480416297912597656250000000         1.0243723659204498     
  0.292277614586055278778076171875000000       -0.94286619938949290     
  0.293255131691694259643554687500000000         1.1943872066759078     
  0.294232648797333240509033203125000000        -2.6171499174818060     
  0.295210165902972221374511718750000000        0.95003784572012939     
  0.296187683008611202239990234375000000         1.5743758923158995     
  0.297165200114250183105468750000000000        -1.1919317986113207     
  0.298142717219889163970947265625000000         1.3185725541928535     
  0.299120234325528144836425781250000000        -2.3421076760368682     
  0.300097751431167125701904296875000000        0.25811045603220001     
  0.301075268536806106567382812500000000         2.0571762704210892     
  0.302052785642445087432861328125000000        -1.3164802613213089     
  0.303030302748084068298339843750000000         1.2959422314511198     
  0.304007819853723049163818359375000000        -1.9340239880396153     
  0.304985336959362030029296875000000000       -0.45149981977405540     
  0.305962854065001010894775390625000000         2.4319930887878760     
  0.306940371170639991760253906250000000        -1.2992101305142290     
  0.307917888276278972625732421875000000         1.1350727690458258     
  0.308895405381917953491210937500000000        -1.4285128204107693     
  0.309872922487556934356689453125000000        -1.1301904545353108     
  0.310850439593195915222167968750000000         2.6655777873714137     
  0.311827956698834896087646484375000000        -1.1349724952191234     
  0.312805473804473876953125000000000000        0.85636580887169578     
  0.313782990910112857818603515625000000       -0.86785649538751775     
  0.314760508015751838684082031250000000        -1.7317400311672906     
  0.315738025121390819549560546875000000         2.7349547578477686     
  0.316715542227029800415039062500000000       -0.83131838987781059     
  0.317693059332668781280517578125000000        0.49025333522546177     
  0.318670576438307762145996093750000000       -0.29756691268411889     
  0.319648093543946743011474609375000000        -2.2158616191224789     
  0.320625610649585723876953125000000000         2.6293570037540483     
  0.321603127755224704742431640625000000       -0.40800537565292178     
  0.322580644860863685607910156250000000         7.4583751710800422E-002
  0.323558161966502666473388671875000000        0.23728890470369166     
  0.324535679072141647338867187500000000        -2.5512836079004710     
  0.325513196177780628204345703125000000         2.3511986636458682     
  0.326490713283419609069824218750000000        0.10449926292441172     
  0.327468230389058589935302734375000000       -0.34859727169084925     
  0.328445747494697570800781250000000000        0.69570268244917888     
  0.329423264600336551666259765625000000        -2.7181130727834595     
  0.330400781705975532531738281250000000         1.9160038993015140     
  0.331378298811614513397216796875000000        0.66740001174931129     
  0.332355815917253494262695312500000000       -0.73660832890515471     
  0.333333333022892475128173828125000000         1.0439873090902958     
  0.334310850128531455993652343750000000        -2.7092943848270017     
  0.335288367234170436859130859375000000         1.3512953801380370     
  0.336265884339809417724609375000000000         1.2366488827645417     
  0.337243401445448398590087890625000000        -1.0497456573436346     
  0.338220918551087379455566406250000000         1.2584257342636478     
  0.339198435656726360321044921875000000        -2.5310484432073568     
  0.340175952762365341186523437500000000        0.69452911436057552     
  0.341153469868004322052001953125000000         1.7664685847266712     
  0.342130986973643302917480468750000000        -1.2546536477242620     
  0.343108504079282283782958984375000000         1.3270942119100548     
  0.344086021184921264648437500000000000        -2.2022597521850269     
  0.345063538290560245513916015625000000        -9.7610372575983855E-003
  0.346041055396199226379394531250000000         2.2130397168947424     
  0.347018572501838207244873046875000000        -1.3271773966886364     
  0.347996089607477188110351562500000000         1.2507147377470094     
  0.348973606713116168975830078125000000        -1.7528629976028989     
  0.349951123818755149841308593750000000       -0.71338234422089530     
  0.350928640924394130706787109375000000         2.5380548754954537     
  0.351906158030033111572265625000000000        -1.2544640856753198     
  0.352883675135672092437744140625000000         1.0424701802122762     
  0.353861192241311073303222656250000000        -1.2213610018770746     
  0.354838709346950054168701171875000000        -1.3681935927738025     
  0.355816226452589035034179687500000000         2.7118527881491632     
  0.356793743558228015899658203125000000        -1.0361407027326375     
  0.357771260663866996765136718750000000        0.72679956879302576     
  0.358748777769505977630615234375000000       -0.65167549483840292     
  0.359726294875144958496093750000000000        -1.9298113689390712     
  0.360703811980783939361572265625000000         2.7158789460953057     
  0.361681329086422920227050781250000000       -0.68447032104005756     
  0.362658846192061901092529296875000000        0.33727350900217795     
  0.363636363297700881958007812500000000        -8.9585433824646191E-002
  0.364613880403339862823486328125000000        -2.3610170608072307     
  0.365591397508978843688964843750000000         2.5442730099260311     
  0.366568914614617824554443359375000000       -0.22347178376754448     
  0.367546431720256805419921875000000000        -8.6275916254163004E-002
  0.368523948825895786285400390625000000        0.42095964545141290     
  0.369501465931534767150878906250000000        -2.6345934496650982     
  0.370478983037173748016357421875000000         2.2044531949640827     
  0.371456500142812728881835937500000000        0.31292844651385987     
  0.372434017248451709747314453125000000       -0.50113612390172502     
  0.373411534354090690612792968750000000        0.84135419474393613     
  0.374389051459729671478271484375000000        -2.7353655871809357     
  0.375366568565368652343750000000000000         1.7166482706868686     
  0.376344085671007633209228515625000000        0.88356510401720634     
  0.377321602776646614074707031250000000       -0.86532995295014725     
  0.378299119882285594940185546875000000         1.1413964506545040     
  0.379276636987924575805664062500000000        -2.6612845738386235     
  0.380254154093563556671142578125000000         1.1124122612007898     
  0.381231671199202537536621093750000000         1.4433098445379335     
  0.382209188304841518402099609375000000        -1.1411716071963824     
  0.383186705410480499267578125000000000         1.3016479160824797     
  0.384164222516119480133056640625000000        -2.4234697152132694     
  0.385141739621758460998535156250000000        0.43223861195383328     
  0.386119256727397441864013671875000000         1.9466907346202293     
  0.387096773833036422729492187500000000        -1.2984725419657466     
  0.388074290938675403594970703125000000         1.3149038835357294     
  0.389051808044314384460449218750000000        -2.0452081487441705     
  0.390029325149953365325927734375000000       -0.27753708460194065     
  0.391006842255592346191406250000000000         2.3515641632152593     
  0.391984359361231327056884765625000000        -1.3171355148066619     
  0.392961876466870307922363281250000000         1.1866584354650025     
  0.393939393572509288787841796875000000        -1.5599946724243470     
  0.394916910678148269653320312500000000       -0.96829955870044215     
  0.395894427783787250518798828125000000         2.6225431083963828     
  0.396871944889426231384277343750000000        -1.1889244824261214     
  0.397849461995065212249755859375000000        0.93452878872907819     
  0.398826979100704193115234375000000000        -1.0087714355169075     
  0.399804496206343173980712890625000000        -1.5928979064257258     
  0.400782013311982154846191406250000000         2.7339048291844126     
  0.401759530417621135711669921875000000       -0.91826466526838690     
  0.402737047523260116577148437500000000        0.58668806618332714     
  0.403714564628899097442626953125000000       -0.43659117888507171     
  0.404692081734538078308105468750000000        -2.1092729949326019     
  0.405669598840177059173583984375000000         2.6717425208636638     
  0.406647115945816040039062500000000000       -0.52200554209264360     
  0.407624633051455020904541015625000000        0.17943578418502398     
  0.408602150157094001770019531250000000        0.11102631195714233     
  0.409579667262732982635498046875000000        -2.4836793902976626     
  0.410557184368371963500976562500000000         2.4351859392254247     
  0.411534701474010944366455078125000000        -2.8163452433081410E-002
  0.412512218579649925231933593750000000       -0.24589492922630446     
  0.413489735685288906097412109375000000        0.59175064983333958     
  0.414467252790927886962890625000000000        -2.6932455473735448     
  0.415444769896566867828369140625000000         2.0365906012788773     
  0.416422287002205848693847656250000000        0.52625689466336856     
  0.417399804107844829559326171875000000       -0.64644074854371492     
  0.418377321213483810424804687500000000        0.96981575544786880     
  0.419354838319122791290283203125000000        -2.7276691630998813     
  0.420332355424761772155761718750000000         1.5006779036448521     
  0.421309872530400753021240234375000000         1.0981880479492674     
  0.422287389636039733886718750000000000       -0.98143636692928971     
  0.423264906741678714752197265625000000         1.2188419888749589     
  0.424242423847317695617675781250000000        -2.5899140591489944     
  0.425219940952956676483154296875000000        0.86269270546763810     
  0.426197458058595657348632812500000000         1.6419379470821787     
  0.427174975164234638214111328125000000        -1.2156715959859887     
  0.428152492269873619079589843750000000         1.3238792878678380     
  0.429130009375512599945068359375000000        -2.2958551331344554     
  0.430107526481151580810546875000000000        0.16572382100453975     
  0.431085043586790561676025390625000000         2.1128641443064313     
  0.432062560692429542541503906250000000        -1.3224952623812078     
  0.433040077798068523406982421875000000         1.2825083332871661     
  0.434017594903707504272460937500000000        -1.8729023446643693     
  0.434995112009346485137939453125000000       -0.54259989457174052     
  0.435972629114985466003417968750000000         2.4709881735685295     
  0.436950146220624446868896484375000000        -1.2861204498413987     
  0.437927663326263427734375000000000000         1.1049130979375370     
  0.438905180431902408599853515625000000        -1.3577165863589840     
  0.439882697537541389465332031250000000        -1.2137750184208211     
  0.440860214643180370330810546875000000         2.6842584485395009     
  0.441837731748819351196289062500000000        -1.1030421194437965     
  0.442815248854458332061767578125000000        0.81292141119025174     
  0.443792765960097312927246093750000000       -0.79320303957660143     
  0.444770283065736293792724609375000000        -1.8021586941213277     
  0.445747800171375274658203125000000000         2.7311979019588870     
  0.446725317277014255523681640625000000       -0.78244991892677118     
  0.447702834382653236389160156250000000        0.43809366905490738     
  0.448680351488292217254638671875000000       -0.22502537593320551     
  0.449657868593931198120117187500000000        -2.2684759310411211     
  0.450635385699570178985595703125000000         2.6027216850946879     
  0.451612902805209159851074218750000000       -0.34560027341015159     
  0.452590419910848140716552734375000000         1.9016802126979190E-002
  0.453567937016487121582031250000000000        0.30207770678178480     
  0.454545454122126102447509765625000000        -2.5828198799739899     
  0.455522971227765083312988281250000000         2.3029766801183102     
  0.456500488333404064178466796875000000        0.17580392117651084     
  0.457478005439043045043945312500000000       -0.40197512747495823     
  0.458455522544682025909423828125000000        0.74787669481959007     
  0.459433039650321006774902343750000000        -2.7269066322312958     
  0.460410556755959987640380859375000000         1.8491329950426245     
  0.461388073861598968505859375000000000        0.74209729975362315     
  0.462365590967237949371337890625000000       -0.78238597732316439     
  0.463343108072876930236816406250000000         1.0798477945835026     
  0.464320625178515911102294921875000000        -2.6954059748506691     
  0.465298142284154891967773437500000000         1.2701416993665309     
  0.466275659389793872833251953125000000         1.3088009757925083     
  0.467253176495432853698730468750000000        -1.0831557947764650     
  0.468230693601071834564208984375000000         1.2757251086743533     
  0.469208210706710815429687500000000000        -2.4962437470582177     
  0.470185727812349796295166015625000000        0.60455604954398956     
  0.471163244917988777160644531250000000         1.8301836272442695     
  0.472140762023627758026123046875000000        -1.2719788082041290     
  0.473118279129266738891601562500000000         1.3252041677863626     
  0.474095796234905719757080078125000000        -2.1498540070077157     
  0.475073313340544700622558593750000000       -0.10241133491220679     
  0.476050830446183681488037109375000000         2.2629482083165096     
  0.477028347551822662353515625000000000        -1.3260702971991378     
  0.478005864657461643218994140625000000         1.2306613712208634     
  0.478983381763100624084472656250000000        -1.6874434856775722     
  0.479960898868739604949951171875000000       -0.80236150747653334     
  0.480938415974378585815429687500000000         2.5697471505286957     
  0.481915933080017566680908203125000000        -1.2341560521664110     
  0.482893450185656547546386718750000000         1.0068336040488128     
  0.483870967291295528411865234375000000        -1.1484099929253895     
  0.484848484396934509277343750000000000        -1.4474360067761358     
  0.485826001502573490142822265625000000         2.7222422389928185     
  0.486803518608212471008300781250000000       -0.99752098983328663     
  0.487781035713851451873779296875000000        0.67948646013416458     
  0.488758552819490432739257812500000000       -0.57712417565319207     
  0.489736069925129413604736328125000000        -1.9940006180020540     
  0.490713587030768394470214843750000000         2.7034615555420007     
  0.491691104136407375335693359375000000       -0.63002958131231379     
  0.492668621242046356201171875000000000        0.28318131746020675     
  0.493646138347685337066650390625000000        -1.9334860143003559E-002
  0.494623655453324317932128906250000000        -2.4059927158836132     
  0.495601172558963298797607421875000000         2.5092620612548866     
  0.496578689664602279663085937500000000       -0.15711393584118616     
  0.497556206770241260528564453125000000       -0.14167561442011045     
  0.498533723875880241394042968750000000        0.48151194704685568     
  0.499511240981519222259521484375000000        -2.6576658521999876     
  0.500488758087158203125000000000000000         2.1487780289684384     
  0.501466275192797183990478515625000000        0.38619104433927642     
  0.502443792298436164855957031250000000       -0.55226110338033252     
  0.503421309404075145721435546875000000        0.88774386768665303     
  0.504398826509714126586914062500000000        -2.7355136761736261     
  0.505376343615353107452392578125000000         1.6438168671117446     
  0.506353860720992088317871093750000000        0.95800880702599667     
  0.507331377826631069183349609375000000       -0.90695984103070826     
  0.508308894932270050048828125000000000         1.1704436755523366     
  0.509286412037909030914306640625000000        -2.6392211966301855     
  0.510263929143548011779785156250000000         1.0272483532835479     
  0.511241446249186992645263671875000000         1.5129573327143366     
  0.512218963354825973510742187500000000        -1.1688908723549440     
  0.513196480460464954376220703125000000         1.3117023579348583     
  0.514173997566103935241699218750000000        -2.3815695023831132     
  0.515151514671742916107177734375000000        0.34051411857637104     
  0.516129031777381896972656250000000000         2.0057922768503547     
  0.517106548883020877838134765625000000        -1.3090478178303657     
  0.518084065988659858703613281250000000         1.3059637078521735     
  0.519061583094298839569091796875000000        -1.9873040628744738     
  0.520039100199937820434570312500000000       -0.36954511571901749     
  0.521016617305576801300048828125000000         2.3950637586082681     
  0.521994134411215782165527343750000000        -1.3087964161034396     
  0.522971651516854763031005859375000000         1.1603540849696083     
  0.523949168622493743896484375000000000        -1.4910598714637804     
  0.524926685728132724761962890625000000        -1.0542922384205871     
  0.525904202833771705627441406250000000         2.6464918823351935     
  0.526881719939410686492919921875000000        -1.1615248721361868     
  0.527859237045049667358398437500000000        0.89397315959973067     
  0.528836754150688648223876953125000000       -0.93451227641950396     
  0.529814271256327629089355468750000000        -1.6670395313869886     
  0.530791788361966609954833984375000000         2.7357882484134111     
  0.531769305467605590820312500000000000       -0.87331100000678630     
  0.532746822573244571685791015625000000        0.53620553124253045     
  0.533724339678883552551269531250000000       -0.36298428706795155     
  0.534701856784522533416748046875000000        -2.1666391838627832     
  0.535679373890161514282226562500000000         2.6506948756296915     
  0.536656890995800495147705078125000000       -0.46254967585234014     
  0.537634408101439476013183593750000000        0.12419230823553579     
  0.538611925207078456878662109375000000        0.17821553793779993     
  0.539589442312717437744140625000000000        -2.5206326629886595     
  0.540566959418356418609619140625000000         2.3920745676989004     
  0.541544476523995399475097656250000000         4.1431750102539688E-002
  0.542521993629634380340576171875000000       -0.30033033993491770     
  0.543499510735273361206054687500000000        0.64742929798154980     
  0.544477027840912342071533203125000000        -2.7077085092954567     
  0.545454544946551322937011718750000000         1.9739627758654761     
  0.546432062052190303802490234375000000        0.60066048017186024     
  0.547409579157829284667968750000000000       -0.69456746990534868     
  0.548387096263468265533447265625000000         1.0099673198430978     
  0.549364613369107246398925781250000000        -2.7192736839186580     
  0.550342130474746227264404296875000000         1.4225743197176997     
  0.551319647580385208129882812500000000         1.1715249716210723     
  0.552297164686024188995361328125000000        -1.0182880036425339     
  0.553274681791663169860839843750000000         1.2408405291602886     
  0.554252198897302150726318359375000000        -2.5600147921972454     
  0.555229716002941131591796875000000000        0.77434222328559543     
  0.556207233108580112457275390625000000         1.7082600888739763     
  0.557184750214219093322753906250000000        -1.2372382520814111     
  0.558162267319858074188232421875000000         1.3266887036227115     
  0.559139784425497055053710937500000000        -2.2474066133018566     
  0.560117301531136035919189453125000000         7.3143648812437081E-002
  0.561094818636775016784667968750000000         2.1666304348235839     
  0.562072335742413997650146484375000000        -1.3260677587898444     
  0.563049852848052978515625000000000000         1.2667509438710369     
  0.564027369953691959381103515625000000        -1.8102098474216772     
  0.565004887059330940246582031250000000       -0.63306679198496507     
  0.565982404164969921112060546875000000         2.5075151207452357     
  0.566959921270608901977539062500000000        -1.2705283220762580     
  0.567937438376247882843017578125000000         1.0728023030799481     
  0.568914955481886863708496093750000000        -1.2860810496230881     
  0.569892472587525844573974609375000000        -1.2959484577933986     
  0.570869989693164825439453125000000000         2.7001046767810339     
  0.571847506798803806304931640625000000        -1.0687658169683325     
  0.572825023904442787170410156250000000        0.76806420723413316     
  0.573802541010081768035888671875000000       -0.71848882848009388     
  0.574780058115720748901367187500000000        -1.8704968456684474     
  0.575757575221359729766845703125000000         2.7244515700666754     
  0.576735092326998710632324218750000000       -0.73159780217342740     
  0.577712609432637691497802734375000000        0.38517932294446244     
  0.578690126538276672363281250000000000       -0.15318582620785551     
  0.579667643643915653228759765625000000        -2.3185000533839601     
  0.580645160749554634094238281250000000         2.5731674159211138     
  0.581622677855193614959716796875000000       -0.28175194399996589     
  0.582600194960832595825195312500000000        -3.6582809202197100E-002
  0.583577712066471576690673828125000000        0.36547869298095798     
  0.584555229172110557556152343750000000        -2.6114544317900030     
  0.585532746277749538421630859375000000         2.2521282888048009     
  0.586510263383388519287109375000000000        0.24787559917954183     
  0.587487780489027500152587890625000000       -0.45466086320178961     
  0.588465297594666481018066406250000000        0.79810847394662254     
  0.589442814700305461883544921875000000        -2.7327077728672351     
  0.590420331805944442749023437500000000         1.7801290670133096     
  0.591397848911583423614501953125000000        0.81680329792301398     
  0.592375366017222404479980468750000000       -0.82680531390455492     
  0.593352883122861385345458984375000000         1.1133865523096005     
  0.594330400228500366210937500000000000        -2.6786604310380517     
  0.595307917334139347076416015625000000         1.1875120775171919     
  0.596285434439778327941894531250000000         1.3801820812811105     
  0.597262951545417308807373046875000000        -1.1146565935390256     
  0.598240468651056289672851562500000000         1.2905272254066618     
  0.599217985756695270538330078125000000        -2.4589304322918690     
  0.600195502862334251403808593750000000        0.51387765603152047     
  0.601173019967973232269287109375000000         1.8923894530107648     
  0.602150537073612213134765625000000000        -1.2870059465191983     
  0.603128054179251194000244140625000000         1.3208575636224305     
  0.604105571284890174865722656250000000        -2.0954717959621703     
  0.605083088390529155731201171875000000       -0.19494202784471354     
  0.606060605496168136596679687500000000         2.3107106554106078     
  0.607038122601807117462158203125000000        -1.3224727590359109     
  0.608015639707446098327636718750000000         1.2084029038064186     
  0.608993156813085079193115234375000000        -1.6207192813902871     
  0.609970673918724060058593750000000000       -0.89040534687849970     
  0.610948191024363040924072265625000000         2.5988101260651266     
  0.611925708130002021789550781250000000        -1.2113793128136523     
  0.612903225235641002655029296875000000        0.96943143743249249     
  0.613880742341279983520507812500000000        -1.0749108152456959     
  0.614858259446918964385986328125000000        -1.5249993934228823     
  0.615835776552557945251464843750000000         2.7297128943531748     
  0.616813293658196926116943359375000000       -0.95666880507757091     
  0.617790810763835906982421875000000000        0.63099724804582979     
  0.618768327869474887847900390625000000       -0.50280467386520888     
  0.619745844975113868713378906250000000        -2.0558962175300479     
  0.620723362080752849578857421875000000         2.6880545716960742     
  0.621700879186391830444335937500000000       -0.57378985521355830     
  0.622678396292030811309814453125000000        0.22860216913007661     
  0.623655913397669792175292968750000000         4.9943206535135044E-002
  0.624633430503308773040771484375000000        -2.4482359697961762     
  0.625610947608947753906250000000000000         2.4714170684690999     
  0.626588464714586734771728515625000000        -8.9554341321523984E-002
  0.627565981820225715637207031250000000       -0.19683191041267639     
  0.628543498925864696502685546875000000        0.54044952321900241     
  0.629521016031503677368164062500000000        -2.6777757700654843     
  0.630498533137142658233642578125000000         2.0906404178822626     
  0.631476050242781639099121093750000000        0.45994146900950467     
  0.632453567348420619964599609375000000       -0.60243291786018360     
  0.633431084454059600830078125000000000        0.93202589989591411     
  0.634408601559698581695556640625000000        -2.7326940797471377     
  0.635386118665337562561035156250000000         1.5690832087386493     
  0.636363635770976543426513671875000000         1.0321666162914858     
  0.637341152876615524291992187500000000       -0.94700752618677764     
  0.638318669982254505157470703125000000         1.1970780588750760     
  0.639296187087893486022949218750000000        -2.6144081881029488     
  0.640273704193532466888427734375000000        0.94088851460568623     
  0.641251221299171447753906250000000000         1.5815475190534802     
  0.642228738404810428619384765625000000        -1.1945331655501399     
  0.643206255510449409484863281250000000         1.3192493936475143     
  0.644183772616088390350341796875000000        -2.3373416693860456     
  0.645161289721727371215820312500000000        0.24839206296265834     
  0.646138806827366352081298828125000000         2.0631297683481482     
  0.647116323933005332946777343750000000        -1.3172282079766890     
  0.648093841038644313812255859375000000         1.2946378166379111     
  0.649071358144283294677734375000000000        -1.9276629474849354     
  0.650048875249922275543212890625000000       -0.46112171538055052     
  0.651026392355561256408691406250000000         2.4362147655098343     
  0.652003909461200237274169921875000000        -1.2979495150466196     
  0.652981426566839218139648437500000000         1.1319898684262439     
  0.653958943672478199005126953125000000        -1.4210986325811483     
  0.654936460778117179870605468750000000        -1.1390577265840718     
  0.655913977883756160736083984375000000         2.6676778481737591     
  0.656891494989395141601562500000000000        -1.1317209182497432     
  0.657869012095034122467041015625000000        0.85185888247939234     
  0.658846529200673103332519531250000000       -0.85999942725899614     
  0.659824046306312084197998046875000000        -1.7392526498403602     
  0.660801563411951065063476562500000000         2.7346997230032457     
  0.661779080517590045928955078125000000       -0.82626647689810995     
  0.662756597623229026794433593750000000        0.48479782208480571     
  0.663734114728868007659912109375000000       -0.28989617187841799     
  0.664711631834506988525390625000000000        -2.2215236869144603     
  0.665689148940145969390869140625000000         2.6266898254056543     
  0.666666666045784950256347656250000000       -0.40150286076680536     
  0.667644183151423931121826171875000000         6.8735481680405594E-002
  0.668621700257062911987304687500000000        0.24417579683697641     
  0.669599217362701892852783203125000000        -2.5547411056842351     
  0.670576734468340873718261718750000000         2.3462448947076839     
  0.671554251573979854583740234375000000        0.11197055970214474     
  0.672531768679618835449218750000000000       -0.35424922463518543     
  0.673509285785257816314697265625000000        0.70128762658668564     
  0.674486802890896797180175781250000000        -2.7191803188744346     
  0.675464319996535778045654296875000000         1.9090633854051455     
  0.676441837102174758911132812500000000        0.67526415941914308     
  0.677419354207813739776611328125000000       -0.74149150476262271     
  0.678396871313452720642089843750000000         1.0478726339795814     
  0.679374388419091701507568359375000000        -2.7079671166569055     
  0.680351905524730682373046875000000000         1.3428201075123558     
  0.681329422630369663238525390625000000         1.2442817234097994     
  0.682306939736008644104003906250000000        -1.0533527132080447     
  0.683284456841647624969482421875000000         1.2603651835234331     
  0.684261973947286605834960937500000000        -2.5275025054752382     
  0.685239491052925586700439453125000000        0.68508895813034743     
  0.686217008158564567565917968750000000         1.7732478396663380     
  0.687194525264203548431396484375000000        -1.2565855491056617     
  0.688172042369842529296875000000000000         1.3270114358584240     
  0.689149559475481510162353515625000000        -2.1968355307285656     
  0.690127076581120491027832031250000000        -1.9521948033392737E-002
  0.691104593686759471893310546875000000         2.2183952808144896     
  0.692082110792398452758789062500000000        -1.3271777695849936     
  0.693059627898037433624267578125000000         1.2487078274206849     
  0.694037145003676414489746093750000000        -1.7460368817076044     
  0.695014662109315395355224609375000000       -0.72279517463159582     
  0.695992179214954376220703125000000000         2.5415152424273617     
  0.696969696320593357086181640625000000        -1.2524419165378677     
  0.697947213426232337951660156250000000         1.0388019109654738     
  0.698924730531871318817138671875000000        -1.2137061972697174     
  0.699902247637510299682617187500000000        -1.3766163180209525     
  0.700879764743149280548095703125000000         2.7130838580904513     
  0.701857281848788261413574218750000000        -1.0321795156514115     
  0.702834798954427242279052734375000000        0.72187417723100178     
  0.703812316060066223144531250000000000       -0.64381536153656793     
  0.704789833165705204010009765625000000        -1.9366781548198089     
  0.705767350271344184875488281250000000         2.7147120684831263     
  0.706744867376983165740966796875000000       -0.67882305525246545     
  0.707722384482622146606445312500000000        0.33160191622574353     
  0.708699901588261127471923828125000000        -8.2143118807820936E-002
  0.709677418693900108337402343750000000        -2.3658815769443184     
  0.710654935799539089202880859375000000         2.5407199813005552     
  0.711632452905178070068359375000000000       -0.21654175173469351     
  0.712609970010817050933837890625000000        -9.2119587901264247E-002
  0.713587487116456031799316406250000000        0.42741121900310275     
  0.714565004222095012664794921875000000        -2.6371626711929599     
  0.715542521327733993530273437500000000         2.1987069736857947     
  0.716520038433372974395751953125000000        0.32061901306069773     
  0.717497555539011955261230468750000000       -0.50656318953178314     
  0.718475072644650936126708984375000000        0.84633795550579372     
  0.719452589750289916992187500000000000        -2.7355214047163470     
  0.720430106855928897857666015625000000         1.7090693173847877     
  0.721407623961567878723144531250000000        0.89141640643084341     
  0.722385141067206859588623046875000000       -0.86978699149237060     
  0.723362658172845840454101562500000000         1.1445687583595638     
  0.724340175278484821319580078125000000        -2.6590915107896560     
  0.725317692384123802185058593750000000         1.1035015674817599     
  0.726295209489762783050537109375000000         1.4506924502972605     
  0.727272726595401763916015625000000000        -1.1441874116368593     
  0.728250243701040744781494140625000000         1.3028250809419633     
  0.729227760806679725646972656250000000        -2.4191681669619705     
  0.730205277912318706512451171875000000        0.42259954890270368     
  0.731182795017957687377929687500000000         1.9529962363361699     
  0.732160312123596668243408203125000000        -1.2996983621627227     
  0.733137829229235649108886718750000000         1.3140755124644878     
  0.734115346334874629974365234375000000        -2.0391937201643180     
  0.735092863440513610839843750000000000       -0.28724506852932158     
  0.736070380546152591705322265625000000         2.3562544823518805     
  0.737047897651791572570800781250000000        -1.3163753037844457     
  0.738025414757430553436279296875000000         1.1839865590517928     
  0.739002931863069534301757812500000000        -1.5527853050244318     
  0.739980448968708515167236328125000000       -0.97741170596091553     
  0.740957966074347496032714843750000000         2.6251944648132617     
  0.741935483179986476898193359375000000        -1.1861526652560641     
  0.742913000285625457763671875000000000        0.93033287394880659     
  0.743890517391264438629150390625000000        -1.0009649934978846     
  0.744868034496903419494628906250000000        -1.6007953415651599     
  0.745845551602542400360107421875000000         2.7342428207314864     
  0.746823068708181381225585937500000000       -0.91362995866302332     
  0.747800585813820362091064453125000000        0.58141716174251568     
  0.748778102919459342956542968750000000       -0.42881692587764181     
  0.749755620025098323822021484375000000        -2.1154302613905389     
  0.750733137130737304687500000000000000         2.6696654671923405     
  0.751710654236376285552978515625000000       -0.51582048128248448     
  0.752688171342015266418457031250000000        0.17363008600794991     
  0.753665688447654247283935546875000000        0.11815842807724954     
  0.754643205553293228149414062500000000        -2.4877045492052896     
  0.755620722658932209014892578125000000         2.4307745836380770     
  0.756598239764571189880371093750000000        -2.0880438737063186E-002
  0.757575756870210170745849609375000000       -0.25164994946186936     
  0.758553273975849151611328125000000000        0.59769881686259740     
  0.759530791081488132476806640625000000        -2.6949096523032092     
  0.760508308187127113342285156250000000         2.0301033582201531     
  0.761485825292766094207763671875000000        0.53408112025395549     
  0.762463342398405075073242187500000000       -0.65156390771830208     
  0.763440859504044055938720703125000000        0.97414929391150673     
  0.764418376609683036804199218750000000        -2.7269227781586025     
  0.765395893715322017669677734375000000         1.4925319993085941     
  0.766373410820960998535156250000000000         1.1059366609879107     
  0.767350927926599979400634765625000000       -0.98539998503944481     
  0.768328445032238960266113281250000000         1.2212750746125407     
  0.769305962137877941131591796875000000        -2.5868895283613726     
  0.770283479243516921997070312500000000        0.85343269158020385     
  0.771260996349155902862548828125000000         1.6489834714644001     
  0.772238513454794883728027343750000000        -1.2180463466167404     
  0.773216030560433864593505859375000000         1.3242927024115982     
  0.774193547666072845458984375000000000        -2.2908544529473045     
  0.775171064771711826324462890625000000        0.15597995596065256     
  0.776148581877350807189941406250000000         2.1186190815742516     
  0.777126098982989788055419921875000000        -1.3229869975218260     
  0.778103616088628768920898437500000000         1.2809575151768651     
  0.779081133194267749786376953125000000        -1.8663716465300642     
  0.780058650299906730651855468750000000       -0.55216008905780156     
  0.781036167405545711517333984375000000         2.4749527482756686     
  0.782013684511184692382812500000000000        -1.2845959862715832     
  0.782991201616823673248291015625000000         1.1016218776361753     
  0.783968718722462654113769531250000000        -1.3502093097291317     
  0.784946235828101634979248046875000000        -1.2224981686742349     
  0.785923752933740615844726562500000000         2.6860616138056153     
  0.786901270039379596710205078125000000        -1.0995418664276189     
  0.787878787145018577575683593750000000        0.80826197089831742     
  0.788856304250657558441162109375000000       -0.78533478087492070     
  0.789833821356296539306640625000000000        -1.8094558589193888     
  0.790811338461935520172119140625000000         2.7306282858237401     
  0.791788855567574501037597656250000000       -0.77718629118695237     
  0.792766372673213481903076171875000000        0.43255438299404358     
  0.793743889778852462768554687500000000       -0.21742406334899397     
  0.794721406884491443634033203125000000        -2.2738677546752970     
  0.795698923990130424499511718750000000         2.5997459625737429     
  0.796676441095769405364990234375000000       -0.33894198347248000     
  0.797653958201408386230468750000000000         1.3160592894081131E-002
  0.798631475307047367095947265625000000        0.30882229293127533     
  0.799608992412686347961425781250000000        -2.5859730218516868     
  0.800586509518325328826904296875000000         2.2977438632713021     
  0.801564026623964309692382812500000000        0.18336045395964526     
  0.802541543729603290557861328125000000       -0.40755851414287608     
  0.803519060835242271423339843750000000        0.75325999054155923     
  0.804496577940881252288818359375000000        -2.7276585817428041     
  0.805474095046520233154296875000000000         1.8419642628296806     
  0.806451612152159214019775390625000000        0.74996714210850612     
  0.807429129257798194885253906250000000       -0.78712988542511775     
  0.808406646363437175750732421875000000         1.0834903255887489     
  0.809384163469076156616210937500000000        -2.6937762931665774     
  0.810361680574715137481689453125000000         1.2615065496684545     
  0.811339197680354118347167968750000000         1.3163573332794092     
  0.812316714785993099212646484375000000        -1.0865646877888837     
  0.813294231891632080078125000000000000         1.2774019712770883     
  0.814271748997271060943603515625000000        -2.4924308674441509     
  0.815249266102910041809082031250000000        0.59503665402774653     
  0.816226783208549022674560546875000000         1.8368082069834781     
  0.817204300314188003540039062500000000        -1.2736704971255988     
  0.818181817419826984405517578125000000         1.3248617637554556     
  0.819159334525465965270996093750000000        -2.1442178843894997     
  0.820136851631104946136474609375000000       -0.11216474482642061     
  0.821114368736743927001953125000000000         2.2680812360079234     
  0.822091885842382907867431640625000000        -1.3258089173159338     
  0.823069402948021888732910156250000000         1.2284200760725634     
  0.824046920053660869598388671875000000        -1.6804755212403857     
  0.825024437159299850463867187500000000       -0.81168067474504535     
  0.826001954264938831329345703125000000         2.5729330070747021     
  0.826979471370577812194824218750000000        -1.2318730868772190     
  0.827956988476216793060302734375000000         1.0029761871799725     
  0.828934505581855773925781250000000000        -1.1406926791200520     
  0.829912022687494754791259765625000000        -1.4556861186646353     
  0.830889539793133735656738281250000000         2.7231670282537928     
  0.831867056898772716522216796875000000       -0.99332260641142567     
  0.832844574004411697387695312500000000        0.67443322806208861     
  0.833822091110050678253173828125000000       -0.56928372906257452     
  0.834799608215689659118652343750000000        -2.0006291121583946     
  0.835777125321328639984130859375000000         2.7019795584417996     
  0.836754642426967620849609375000000000       -0.62418965068342958     
  0.837732159532606601715087890625000000        0.27745402525769769     
  0.838709676638245582580566406250000000        -1.1990668108960037E-002
  0.839687193743884563446044921875000000        -2.4105715369315153     
  0.840664710849523544311523437500000000         2.5054089208687773     
  0.841642227955162525177001953125000000       -0.15005326700206265     
  0.842619745060801506042480468750000000       -0.14749813024511729     
  0.843597262166440486907958984375000000        0.48779699019100492     
  0.844574779272079467773437500000000000        -2.6599237994551541     
  0.845552296377718448638916015625000000         2.1427695748163202     
  0.846529813483357429504394531250000000        0.39393760820435159     
  0.847507330588996410369873046875000000       -0.55759194806108159     
  0.848484847694635391235351562500000000        0.89250813749582369     
  0.849462364800274372100830078125000000        -2.7353562791052775     
  0.850439881905913352966308593750000000         1.6360336390472752     
  0.851417399011552333831787109375000000        0.96583479944477357     
  0.852394916117191314697265625000000000       -0.91125374191206621     
  0.853372433222830295562744140625000000         1.1733631107789964     
  0.854349950328469276428222656250000000        -2.6367365564134442     
  0.855327467434108257293701171875000000         1.0182070333664546     
  0.856304984539747238159179687500000000         1.5202331779667015     
  0.857282501645386219024658203125000000        -1.1716904644754100     
  0.858260018751025199890136718750000000         1.3126153638007085     
  0.859237535856664180755615234375000000        -2.3770196646514776     
  0.860215052962303161621093750000000000        0.33082813071441808     
  0.861192570067942142486572265625000000         2.0119160047189451     
  0.862170087173581123352050781250000000        -1.3100227571381500     
  0.863147604279220104217529296875000000         1.3048826868893948     
  0.864125121384859085083007812500000000        -1.9811026478666993     
  0.865102638490498065948486328125000000       -0.37921270842772259     
  0.866080155596137046813964843750000000         2.3995098332032097     
  0.867057672701776027679443359375000000        -1.3077721225291012     
  0.868035189807415008544921875000000000         1.1574626963768011     
  0.869012706913053989410400390625000000        -1.4837377896943778     
  0.869990224018692970275878906250000000        -1.0632797898926640     
  0.870967741124331951141357421875000000         2.6488542034824412     
  0.871945258229970932006835937500000000        -1.1584985431772015     
  0.872922775335609912872314453125000000        0.88960956323848939     
  0.873900292441248893737792968750000000       -0.92667431209502338     
  0.874877809546887874603271484375000000        -1.6747377558871381     
  0.875855326652526855468750000000000000         2.7358138469975524     
  0.876832843758165836334228515625000000       -0.86845356492120018     
  0.877810360863804817199707031250000000        0.53083300622628560     
  0.878787877969443798065185546875000000       -0.35526006095535501     
  0.879765395075082778930664062500000000        -2.1725379291158098     
  0.880742912180721759796142578125000000         2.6483055677900587     
  0.881720429286360740661621093750000000       -0.45619349797441189     
  0.882697946391999721527099609375000000        0.11835965707030140     
  0.883675463497638702392578125000000000        0.18522226826679269     
  0.884652980603277683258056640625000000        -2.5243597907959558     
  0.885630497708916664123535156250000000         2.3873747971041679     
  0.886608014814555644989013671875000000         4.8818461774828979E-002
  0.887585531920194625854492187500000000       -0.30603536486227489     
  0.888563049025833606719970703125000000        0.65318891547935198     
  0.889540566131472587585449218750000000        -2.7090577954796933     
  0.890518083237111568450927734375000000         1.9672329808444926     
  0.891495600342750549316406250000000000        0.60851051218365937     
  0.892473117448389530181884765625000000       -0.69956791663954199     
  0.893450634554028511047363281250000000         1.0140663199074955     
  0.894428151659667491912841796875000000        -2.7182195314786579     
  0.895405668765306472778320312500000000         1.4142503236579920     
  0.896383185870945453643798828125000000         1.1792172490903345     
  0.897360702976584434509277343750000000        -1.0220665901370769     
  0.898338220082223415374755859375000000         1.2430138180104298     
  0.899315737187862396240234375000000000        -2.5567126105467688     
  0.900293254293501377105712890625000000        0.76498226890936627     
  0.901270771399140357971191406250000000         1.7151694937874333     
  0.902248288504779338836669921875000000        -1.2393813684023181     
  0.903225805610418319702148437500000000         1.3268396409822545     
  0.904203322716057300567626953125000000        -2.2421788671227771     
  0.905180839821696281433105468750000000         6.3385689349932134E-002
  0.906158356927335262298583984375000000         2.1721782894880990     
  0.907135874032974243164062500000000000        -1.3263010090447702     
  0.908113391138613224029541015625000000         1.2649575414751544     
  0.909090908244252204895019531250000000        -1.8035189283438822     
  0.910068425349891185760498046875000000       -0.64255414899317809     
  0.911045942455530166625976562500000000         2.5112162658075983     
  0.912023459561169147491455078125000000        -1.2687406970139148     
  0.913000976666808128356933593750000000         1.0693091116610818     
  0.913978493772447109222412109375000000        -1.2784911801029915     
  0.914956010878086090087890625000000000        -1.3045174483487207     
  0.915933527983725070953369140625000000         2.7016073408445207     
  0.916911045089364051818847656250000000        -1.0650205074852019     
  0.917888562195003032684326171875000000        0.76326058279099462     
  0.918866079300642013549804687500000000       -0.71062008488834760     
  0.919843596406280994415283203125000000        -1.8775703869145859     
  0.920821113511919975280761718750000000         2.7235668022104407     
  0.921798630617558956146240234375000000       -0.72612874445607201     
  0.922776147723197937011718750000000000        0.37956586482772153     
  0.923753664828836917877197265625000000       -0.14566399665253346     
  0.924731181934475898742675781250000000        -2.3236159524528852     
  0.925708699040114879608154296875000000         2.5698856872222833     
  0.926686216145753860473632812500000000       -0.27494634156632575     
  0.927663733251392841339111328125000000        -4.2436899415740019E-002
  0.928641250357031822204589843750000000        0.37207237169516738     
  0.929618767462670803070068359375000000        -2.6143004496462710     
  0.930596284568309783935546875000000000         2.2466218971253031     
  0.931573801673948764801025390625000000        0.25550739583558724     
  0.932551318779587745666503906250000000       -0.46016601907119470     
  0.933528835885226726531982421875000000        0.80328365295600390     
  0.934506352990865707397460937500000000        -2.7331447615901503     
  0.935483870096504688262939453125000000         1.7727401181037405     
  0.936461387202143669128417968750000000        0.82466814864563387     
  0.937438904307782649993896484375000000       -0.83140150237882071     
  0.938416421413421630859375000000000000         1.1167824568913158     
  0.939393938519060611724853515625000000        -2.6767317209378270     
  0.940371455624699592590332031250000000         1.1787269732411350     
  0.941348972730338573455810546875000000         1.3876514137623055     
  0.942326489835977554321289062500000000        -1.1178608045093592     
  0.943304006941616535186767578125000000         1.2919405898515988     
  0.944281524047255516052246093750000000        -2.4548567493458506     
  0.945259041152894496917724609375000000        0.50429010401697016     
  0.946236558258533477783203125000000000         1.8988498129424656     
  0.947214075364172458648681640625000000        -1.2884533987719153     
  0.948191592469811439514160156250000000         1.3202575865962669     
  0.949169109575450420379638671875000000        -2.0896321513835390     
  0.950146626681089401245117187500000000       -0.20467654680558889     
  0.951124143786728382110595703125000000         2.3156133776032761     
  0.952101660892367362976074218750000000        -1.3219484556485983     
  0.953079177998006343841552734375000000         1.2059320478205386     
  0.954056695103645324707031250000000000        -1.6136194002101574     
  0.955034212209284305572509765625000000       -0.89962003107749522     
  0.956011729314923286437988281250000000         2.6017161188269293     
  0.956989246420562267303466796875000000        -1.2088373592551527     
  0.957966763526201248168945312500000000        0.96539204207225859     
  0.958944280631840229034423828125000000        -1.0671416690411222     
  0.959921797737479209899902343750000000        -1.5330674742417374     
  0.960899314843118190765380859375000000         2.7303289164697548     
  0.961876831948757171630859375000000000       -0.95223789284009275     
  0.962854349054396152496337890625000000        0.62582507438565593     
  0.963831866160035133361816406250000000       -0.49499447387236767     
  0.964809383265674114227294921875000000        -2.0622791248561740     
  0.965786900371313095092773437500000000         2.6862580604181461     
  0.966764417476952075958251953125000000       -0.56776443290548095     
  0.967741934582591056823730468750000000        0.22282904971169470     
  0.968719451688230037689208984375000000         5.7179679347016607E-002
  0.969696968793869018554687500000000000        -2.4525244747052906     
  0.970674485899507999420166015625000000         2.4672674934101391     
  0.971652003005146980285644531250000000        -8.2372153509424090E-002
  0.972629520110785961151123046875000000       -0.20262326080519755     
  0.973607037216424942016601562500000000        0.54656016676991548     
  0.974584554322063922882080078125000000        -2.6797208348647610     
  0.975562071427702903747558593750000000         2.0843762159163055     
  0.976539588533341884613037109375000000        0.46773369075306159     
  0.977517105638980865478515625000000000       -0.60765824167415128     
  0.978494622744619846343994140625000000        0.93656515537712048     
  0.979472139850258827209472656250000000        -2.7322249723033081     
  0.980449656955897808074951171875000000         1.5611045119316134     
  0.981427174061536788940429687500000000         1.0399565647988207     
  0.982404691167175769805908203125000000       -0.95113048839524217     
  0.983382208272814750671386718750000000         1.1997418686121604     
  0.984359725378453731536865234375000000        -2.6116364402244763     
  0.985337242484092712402343750000000000        0.93172702377771233     
  0.986314759589731693267822265625000000         1.5887063400657471     
  0.987292276695370674133300781250000000        -1.1971109101688122     
  0.988269793801009654998779296875000000         1.3198984544251944     
  0.989247310906648635864257812500000000        -2.3325505955275228     
  0.990224828012287616729736328125000000        0.23867045183431082     
  0.991202345117926597595214843750000000         2.0690627613355339     
  0.992179862223565578460693359375000000        -1.3179492871590268     
  0.993157379329204559326171875000000000         1.2933072798295164     
  0.994134896434843540191650390625000000        -1.9212835986924965     
  0.995112413540482521057128906250000000       -0.47073763948367364     
  0.996089930646121501922607421875000000         2.4404096703989731     
  0.997067447751760482788085937500000000        -1.2966610887083385     
  0.998044964857399463653564453125000000         1.1288847361031387     
  0.999022481963038444519042968750000000        -1.4136741481265134     
  0.999999999068677425384521484375000000        -1.1479102975287692     
