           1  0.51477790292876402     
           2  0.51481158591122589     
           3  0.51491263707204471     
           4  0.51508106306187462     
           5  0.51531687500001144     
           6  0.51562008852653596     
           7  0.51599072387532718     
           8  0.51642880596771379     
           9  0.51693436452670938     
          10  0.51750743421169765     
          11  0.51814805477327153     
          12  0.51885627122828637     
          13  0.51963213405465403     
          14  0.52047569940579141     
          15  0.52138702934447956     
          16  0.52236619209583612     
          17  0.52341326231914420     
          18  0.52452832139825978     
          19  0.52571145775042649     
          20  0.52696276715290502     
          21  0.52828235308758109     
          22  0.52967032710289119     
          23  0.53112680919301081     
          24  0.53265192819393059     
          25  0.53424582219627437     
          26  0.53590863897445173     
          27  0.53764053643227072     
          28  0.53944168306431861     
          29  0.54131225843342012     
          30  0.54325245366377350     
          31  0.54526247194969601     
          32  0.54734252907995562     
          33  0.54949285397764902     
          34  0.55171368925554531     
          35  0.55400529178705815     
          36  0.55636793329287482     
          37  0.55880190094337190     
          38  0.56130749797703972     
          39  0.56388504433516962     
          40  0.56653487731307850     
          41  0.56925735222816221     
          42  0.57205284310541293     
          43  0.57492174338059721     
          44  0.57786446662186919     
          45  0.58088144727034441     
          46  0.58397314140026257     
          47  0.58714002749968786     
          48  0.59038260727231506     
          49  0.59370140646162850     
          50  0.59709697569801379     
          51  0.60056989137033612     
          52  0.60412075652281205     
          53  0.60775020177861294     
          54  0.61145888629153833     
          55  0.61524749872716344     
          56  0.61911675827511869     
          57  0.62306741569403579     
          58  0.62710025439113160     
          59  0.63121609153814617     
          60  0.63541577922577874     
          61  0.63970020565874985     
          62  0.64407029639379632     
          63  0.64852701562299286     
          64  0.65307136750504036     
          65  0.65770439754727905     
          66  0.66242719404127848     
          67  0.66724088955524130     
          68  0.67214666248631372     
          69  0.67714573867646666     
          70  0.68223939309561388     
          71  0.68742895159584760     
          72  0.69271579274100092     
          73  0.69810134971600368     
          74  0.70358711232072702     
          75  0.70917462905326167     
          76  0.71486550928805215     
          77  0.72066142555454871     
          78  0.72656411592223824     
          79  0.73257538649868170     
          80  0.73869711404722804     
          81  0.74493124873183192     
          82  0.75127981699636892     
          83  0.75774492458740628     
          84  0.76432875972831926     
          85  0.77103359645510905     
          86  0.77786179812331468     
          87  0.78481582109702197     
          88  0.79189821863166243     
          89  0.79911164496252507     
          90  0.80645885961258457     
          91  0.81394273193346467     
          92  0.82156624589496474     
          93  0.82933250513928203     
          94  0.83724473831748258     
          95  0.84530630472697599     
          96  0.85352070027029958     
          97  0.86189156375688558     
          98  0.87042268357124719     
          99  0.87911800473302493     
         100  0.88798163637581284     
         101  0.89701785967458081     
         102  0.90623113625312712     
         103  0.91562611710619779     
         104  0.92520765207331745     
         105  0.93498079990459793     
         106  0.94495083896225995     
         107  0.95512327860524970     
         108  0.96550387130813675     
         109  0.97609862557048555     
         110  0.98691381967720004     
         111  0.99795601637609066     
         112   1.0092320785448781     
         113   1.0207491859259055     
         114   1.0325148530148116     
         115   1.0445369481964921     
         116   1.0568237142314765     
         117   1.0693837902045140     
         118   1.0822262350588552     
         119   1.0953605528513908     
         120   1.1087967198768056     
         121   1.1225452138242908     
         122   1.1366170451464190     
         123   1.1510237908385024     
         124   1.1657776308468399     
         125   1.1808913873479023     
         126   1.1963785671655245     
         127   1.2122534076225493     
         128   1.2285309261555006     
         129   1.2452269740573643     
         130   1.2623582947545922     
         131   1.2799425870707255     
         132   1.2979985739815567     
         133   1.3165460774256843     
         134   1.3356060998017549     
         135   1.3552009128599811     
         136   1.3753541547822881     
         137   1.3960909363446978     
         138   1.4174379571683919     
         139   1.4394236331962622     
         140   1.4620782366790006     
         141   1.4854340501273804     
         142   1.5095255358828368     
         143   1.5343895231866047     
         144   1.5600654148904793     
         145   1.5865954162578191     
         146   1.6140247886583581     
         147   1.6424021313745527     
         148   1.6717796952217820     
         149   1.7022137322522557     
         150   1.7337648864802679     
         151   1.7664986313543176     
         152   1.8004857606329867     
         153   1.8358029404278740     
         154   1.8725333314932491     
         155   1.9107672924165906     
         156   1.9506031762510596     
         157   1.9921482354033597     
         158   2.0355196523364421     
         159   2.0808457169786068     
         160   2.1282671757913980     
         161   2.1779387824199765     
         162   2.2300310859626400     
         163   2.2847325004523058     
         164   2.3422517085276224     
         165   2.4028204639936521     
         166   2.4666968726938139     
         167   2.5341692497168120     
         168   2.6055606746118825     
         169   2.6812343965560088     
         170   2.7616002804289002     
         171   2.8471225354075820     
         172   2.9383290339835142     
         173   3.0358226167849769     
         174   3.1402948950577763     
         175   3.2525432192015695     
         176   3.3734916943052156     
         177   3.5042174153562922     
         178   3.6459834999082017     
         179   3.8002810656452399     
         180   3.9688831122594110     
         181   4.1539144415565747     
         182   4.3579434759757021     
         183   4.5841044176066230     
         184   4.8362621260160958     
         185   5.1192382219269810     
         186   5.4391266915053018     
         187   5.8037432430011222     
         188   6.2232795728710739     
         189   6.7112805211221822     
         190   7.2861466860467523     
         191   7.9735246081000666     
         192   8.8102629638202270     
         193   9.8512785331896691     
         194   11.182177589751317     
         195   12.944175368279414     
         196   15.388004362504415     
         197   19.005617261827904     
         198   24.912137819620838     
         199   36.289898150134810     
         200   67.316221836326051     
         201   491.68208586315848     
         202   91.625298584520962     
         203   41.676828302121415     
         204   26.872568442629767     
         205   19.772243512940634     
         206   15.602902794414696     
         207   12.859475162239868     
         208   10.916757663944027     
         209   9.4684369419308716     
         210   8.3467679870349230     
         211   7.4521796163793486     
         212   6.7218355874501974     
         213   6.1141245423346628     
         214   5.6003963697663286     
         215   5.1602804883321527     
         216   4.7788967231782742     
         217   4.4451225226073623     
         218   4.1504774777886508     
         219   3.8883829613728267     
         220   3.6536575268114277     
         221   3.4421648966445137     
         222   3.2505632923338932     
         223   3.0761236282742863     
         224   2.9165954671509429     
         225   2.7701067146806362     
         226   2.6350875473480966     
         227   2.5102120097038956     
         228   2.3943526739987875     
         229   2.2865450787981536     
         230   2.1859595739892215     
         231   2.0918788356904674     
         232   2.0036797650525555     
         233   1.9208188080958246     
         234   1.8428199683260038     
         235   1.7692649560743376     
         236   1.6997850462242090     
         237   1.6340543116219308     
         238   1.5717839717271773     
         239   1.5127176511100879     
         240   1.4566273846688269     
         241   1.4033102391226713     
         242   1.3525854457674957     
         243   1.3042919593790887     
         244   1.2582863737940910     
         245   1.2144411370339667     
         246   1.1726430185864547     
         247   1.1327917891569290     
         248   1.0947990792639128     
         249   1.0585873877941823     
         250   1.0240892153003298     
         251  0.99124629961363464     
         252  0.96000893342188298     
         253  0.93033534496708725     
         254  0.90219112409022384     
         255  0.87554867662654934     
         256  0.85038669079004281     
         257  0.82668959985100343     
         258  0.80444702630254283     
         259  0.78365319404836897     
         260  0.76430629715011833     
         261  0.74640781656548738     
         262  0.72996178025351388     
         263  0.71497396709879146     
         264  0.70145106124001799     
         265  0.68939977031572952     
         266  0.67882592836755939     
         267  0.66973361095162331     
         268  0.66212429551813190     
         269  0.65599610338835601     
         270  0.65134315986705771     
         271  0.64815510565521661     
         272  0.64641678572302352     
         273  0.64610813167334546     
         274  0.64720424141114874     
         275  0.64967564705380931     
         276  0.65348875002655427     
         277  0.65860639258146891     
         278  0.66498852856112600     
         279  0.67259295354568638     
         280  0.68137605545629498     
         281  0.69129355064604214     
         282  0.70230117659910296     
         283  0.71435531958833842     
         284  0.72741356308468075     
         285  0.74143514963638624     
         286  0.75638135484387381     
         287  0.77221577669641572     
         288  0.78890454685761946     
         289  0.80641647258367100     
         290  0.82472311901592077     
         291  0.84379884182954024     
         292  0.86362077986660291     
         293  0.88416881663609614     
         294  0.90542551859131848     
         295  0.92737605702632642     
         296  0.95000811935913276     
         297  0.97331181455317983     
         298  0.99727957650615995     
         299   1.0219060684256123     
         300   1.0471880905185134     
         301   1.0731244927448222     
         302   1.0997160939122421     
         303   1.1269656080118633     
         304   1.1548775783977498     
         305   1.1834583201862272     
         306   1.2127158710818946     
         307   1.2426599507150209     
         308   1.2733019284923772     
         309   1.3046547999116680     
         310   1.3367331712620543     
         311   1.3695532526260874     
         312   1.4031328591061709     
         313   1.4374914202187876     
         314   1.4726499974298217     
         315   1.5086313098414637     
         316   1.5454597680866242     
         317   1.5831615165349762     
         318   1.6217644839705594     
         319   1.6612984429598010     
         320   1.7017950781926567     
         321   1.7432880641484452     
         322   1.7858131525119172     
         323   1.8294082698446807     
         324   1.8741136261032687     
         325   1.9199718346890102     
         326   1.9670280448165423     
         327   2.0153300871001294     
         328   2.0649286333798482     
         329   2.1158773719460928     
         330   2.1682331994719064     
         331   2.2220564311314228     
         332   2.2774110305711019     
         333   2.3343648616121655     
         334   2.3929899638010297     
         335   2.4533628541935832     
         336   2.5155648580645438     
         337   2.5796824715788316     
         338   2.6458077598569658     
         339   2.7140387943164339     
         340   2.7844801336867424     
         341   2.8572433536872017     
         342   2.9324476310369469     
         343   3.0102203882517369     
         344   3.0906980065887297     
         345   3.1740266155527892     
         346   3.2603629685994489     
         347   3.3498754160941133     
         348   3.4427449882510772     
         349   3.5391666027257904     
         350   3.6393504138252779     
         351   3.7435233230026448     
         352   3.8519306734951249     
         353   3.9648381557531920     
         354   4.0825339548167099     
         355   4.2053311761781185     
         356   4.3335705931261561     
         357   4.4676237663268843     
         358   4.6078965957755988     
         359   4.7548333766235436     
         360   4.9089214442307600     
         361   5.0706965107348685     
         362   5.2407488162411360     
         363   5.4197302434444543     
         364   5.6083625763982843     
         365   5.8074471239571333     
         366   6.0178759783760905     
         367   6.2406452426102588     
         368   6.4768706399510503     
         369   6.7278060220371918     
         370   6.9948654231087888     
         371   7.2796494793405930     
         372   7.5839772555463600     
         373   7.9099248160273108     
         374   8.2598722678441678     
         375   8.6365615301966567     
         376   9.0431677957866032     
         377   9.4833886258400053     
         378   9.9615559729305723     
         379   10.482778323674694     
         380   11.053122852653626     
         381   11.679851374021064     
         382   12.371729587269238     
         383   13.139437629473534     
         384   13.996122888430783     
         385   14.958156112365387     
         386   16.046183733703455     
         387   17.286621250030930     
         388   18.713819527760116     
         389   20.373286511342215     
         390   22.326617234783519     
         391   24.659291375617219     
         392   27.493493130453142     
         393   31.010181220982169     
         394   35.489260251719706     
         395   41.387916740958616     
         396   49.507379222195652     
         397   61.391532301689644     
         398   80.446900141922441     
         399   115.96479587507174     
         400   205.48881726815006     
         401   862.58456240163719     
         402   400.19901820656435     
         403   163.70964227403900     
         404   103.41087421519670     
         405   75.845407153398781     
         406   60.050654125783403     
         407   49.814669974044982     
         408   42.642721101300779     
         409   37.338650019345927     
         410   33.257237154356247     
         411   30.019758367789787     
         412   27.389273989022577     
         413   25.209956907183187     
         414   23.375119532881989     
         415   21.809259388401124     
         416   20.457440752810136     
         417   19.278738281745923     
         418   18.242038398266285     
         419   17.323265186844306     
         420   16.503497112317081     
         421   15.767657778116092     
         422   15.103586458963786     
         423   14.501365812705503     
         424   13.952827410828505     
         425   13.451182533063072     
         426   12.990742703868422     
         427   12.566705512763178     
         428   12.174988592962292     
         429   11.812099581552037     
         430   11.475033280487018     
         431   11.161189604103036     
         432   10.868307571163010     
         433   10.594411796752768     
         434   10.337768806956344     
         435   10.096851135036589     
         436   9.8703076286704352     
         437   9.6569387498609824     
         438   9.4556759148480953     
         439   9.2655641235818198     
         440   9.0857472835145554     
         441   8.9154557524627318     
         442   8.7539957187402777     
         443   8.6007401100393022     
         444   8.4551207803588522     
         445   8.3166217701926097     
         446   8.1847734718514626     
         447   8.0591475612375554     
         448   7.9393525811519847     
         449   7.8250300804984692     
         450   7.7158512294606671     
         451   7.6115138436003482     
         452   7.5117397604070373     
         453   7.4162725205710212     
         454   7.3248753134990165     
         455   7.2373291526247385     
         456   7.1534312511062366     
         457   7.0729935727272641     
         458   6.9958415363744386     
         459   6.9218128554617326     
         460   6.8507564962135952     
         461   6.7825317408753500     
         462   6.7170073437558324     
         463   6.6540607695767644     
         464   6.5935775049469685     
         465   6.5354504349333542     
         466   6.4795792776939782     
         467   6.4258700709958996     
         468   6.3742347051818342     
         469   6.3245904977930962     
         470   6.2768598056147251     
         471   6.2309696703954529     
         472   6.1868514949200435     
         473   6.1444407464827675     
         474   6.1036766851363078     
         475   6.0645021143766016     
         476   6.0268631521743012     
         477   5.9907090204867686     
         478   5.9559918515785304     
         479   5.9226665096520481     
         480   5.8906904264434399     
         481   5.8600234495740331     
         482   5.8306277025692035     
         483   5.8024674555638862     
         484   5.7755090058098659     
         485   5.7497205671857659     
         486   5.7250721679873404     
         487   5.7015355563443162     
         488   5.6790841126717178     
         489   5.6576927686190430     
         490   5.6373379320304160     
         491   5.6179974174738723     
         492   5.5996503819387042     
         493   5.5822772653361854     
         494   5.5658597354725279     
         495   5.5503806371931033     
         496   5.5358239454243598     
         497   5.5221747218648298     
         498   5.5094190750998981     
         499   5.4975441239350920     
         500   5.4865379637627054     
         501   5.4763896357937494     
         502   5.4670890990033572     
         503   5.4586272046532152     
         504   5.4509956732680420     
         505   5.4441870739566243     
         506   5.4381948059796024     
         507   5.4330130824777259     
         508   5.4286369162852015     
         509   5.4250621077625665     
         510   5.4222852345933763     
         511   5.4203036434983627     
         512   5.4191154438292601     
         513   5.4187195030135129     
         514   0.0000000000000000     
         515   0.0000000000000000     
         516   0.0000000000000000     
         517   0.0000000000000000     
         518   0.0000000000000000     
         519   0.0000000000000000     
         520   0.0000000000000000     
         521   0.0000000000000000     
         522   0.0000000000000000     
         523   0.0000000000000000     
         524   0.0000000000000000     
         525   0.0000000000000000     
         526   0.0000000000000000     
         527   0.0000000000000000     
         528   0.0000000000000000     
         529   0.0000000000000000     
         530   0.0000000000000000     
         531   0.0000000000000000     
         532   0.0000000000000000     
         533   0.0000000000000000     
         534   0.0000000000000000     
         535   0.0000000000000000     
         536   0.0000000000000000     
         537   0.0000000000000000     
         538   0.0000000000000000     
         539   0.0000000000000000     
         540   0.0000000000000000     
         541   0.0000000000000000     
         542   0.0000000000000000     
         543   0.0000000000000000     
         544   0.0000000000000000     
         545   0.0000000000000000     
         546   0.0000000000000000     
         547   0.0000000000000000     
         548   0.0000000000000000     
         549   0.0000000000000000     
         550   0.0000000000000000     
         551   0.0000000000000000     
         552   0.0000000000000000     
         553   0.0000000000000000     
         554   0.0000000000000000     
         555   0.0000000000000000     
         556   0.0000000000000000     
         557   0.0000000000000000     
         558   0.0000000000000000     
         559   0.0000000000000000     
         560   0.0000000000000000     
         561   0.0000000000000000     
         562   0.0000000000000000     
         563   0.0000000000000000     
         564   0.0000000000000000     
         565   0.0000000000000000     
         566   0.0000000000000000     
         567   0.0000000000000000     
         568   0.0000000000000000     
         569   0.0000000000000000     
         570   0.0000000000000000     
         571   0.0000000000000000     
         572   0.0000000000000000     
         573   0.0000000000000000     
         574   0.0000000000000000     
         575   0.0000000000000000     
         576   0.0000000000000000     
         577   0.0000000000000000     
         578   0.0000000000000000     
         579   0.0000000000000000     
         580   0.0000000000000000     
         581   0.0000000000000000     
         582   0.0000000000000000     
         583   0.0000000000000000     
         584   0.0000000000000000     
         585   0.0000000000000000     
         586   0.0000000000000000     
         587   0.0000000000000000     
         588   0.0000000000000000     
         589   0.0000000000000000     
         590   0.0000000000000000     
         591   0.0000000000000000     
         592   0.0000000000000000     
         593   0.0000000000000000     
         594   0.0000000000000000     
         595   0.0000000000000000     
         596   0.0000000000000000     
         597   0.0000000000000000     
         598   0.0000000000000000     
         599   0.0000000000000000     
         600   0.0000000000000000     
         601   0.0000000000000000     
         602   0.0000000000000000     
         603   0.0000000000000000     
         604   0.0000000000000000     
         605   0.0000000000000000     
         606   0.0000000000000000     
         607   0.0000000000000000     
         608   0.0000000000000000     
         609   0.0000000000000000     
         610   0.0000000000000000     
         611   0.0000000000000000     
         612   0.0000000000000000     
         613   0.0000000000000000     
         614   0.0000000000000000     
         615   0.0000000000000000     
         616   0.0000000000000000     
         617   0.0000000000000000     
         618   0.0000000000000000     
         619   0.0000000000000000     
         620   0.0000000000000000     
         621   0.0000000000000000     
         622   0.0000000000000000     
         623   0.0000000000000000     
         624   0.0000000000000000     
         625   0.0000000000000000     
         626   0.0000000000000000     
         627   0.0000000000000000     
         628   0.0000000000000000     
         629   0.0000000000000000     
         630   0.0000000000000000     
         631   0.0000000000000000     
         632   0.0000000000000000     
         633   0.0000000000000000     
         634   0.0000000000000000     
         635   0.0000000000000000     
         636   0.0000000000000000     
         637   0.0000000000000000     
         638   0.0000000000000000     
         639   0.0000000000000000     
         640   0.0000000000000000     
         641   0.0000000000000000     
         642   0.0000000000000000     
         643   0.0000000000000000     
         644   0.0000000000000000     
         645   0.0000000000000000     
         646   0.0000000000000000     
         647   0.0000000000000000     
         648   0.0000000000000000     
         649   0.0000000000000000     
         650   0.0000000000000000     
         651   0.0000000000000000     
         652   0.0000000000000000     
         653   0.0000000000000000     
         654   0.0000000000000000     
         655   0.0000000000000000     
         656   0.0000000000000000     
         657   0.0000000000000000     
         658   0.0000000000000000     
         659   0.0000000000000000     
         660   0.0000000000000000     
         661   0.0000000000000000     
         662   0.0000000000000000     
         663   0.0000000000000000     
         664   0.0000000000000000     
         665   0.0000000000000000     
         666   0.0000000000000000     
         667   0.0000000000000000     
         668   0.0000000000000000     
         669   0.0000000000000000     
         670   0.0000000000000000     
         671   0.0000000000000000     
         672   0.0000000000000000     
         673   0.0000000000000000     
         674   0.0000000000000000     
         675   0.0000000000000000     
         676   0.0000000000000000     
         677   0.0000000000000000     
         678   0.0000000000000000     
         679   0.0000000000000000     
         680   0.0000000000000000     
         681   0.0000000000000000     
         682   0.0000000000000000     
         683   0.0000000000000000     
         684   0.0000000000000000     
         685   0.0000000000000000     
         686   0.0000000000000000     
         687   0.0000000000000000     
         688   0.0000000000000000     
         689   0.0000000000000000     
         690   0.0000000000000000     
         691   0.0000000000000000     
         692   0.0000000000000000     
         693   0.0000000000000000     
         694   0.0000000000000000     
         695   0.0000000000000000     
         696   0.0000000000000000     
         697   0.0000000000000000     
         698   0.0000000000000000     
         699   0.0000000000000000     
         700   0.0000000000000000     
         701   0.0000000000000000     
         702   0.0000000000000000     
         703   0.0000000000000000     
         704   0.0000000000000000     
         705   0.0000000000000000     
         706   0.0000000000000000     
         707   0.0000000000000000     
         708   0.0000000000000000     
         709   0.0000000000000000     
         710   0.0000000000000000     
         711   0.0000000000000000     
         712   0.0000000000000000     
         713   0.0000000000000000     
         714   0.0000000000000000     
         715   0.0000000000000000     
         716   0.0000000000000000     
         717   0.0000000000000000     
         718   0.0000000000000000     
         719   0.0000000000000000     
         720   0.0000000000000000     
         721   0.0000000000000000     
         722   0.0000000000000000     
         723   0.0000000000000000     
         724   0.0000000000000000     
         725   0.0000000000000000     
         726   0.0000000000000000     
         727   0.0000000000000000     
         728   0.0000000000000000     
         729   0.0000000000000000     
         730   0.0000000000000000     
         731   0.0000000000000000     
         732   0.0000000000000000     
         733   0.0000000000000000     
         734   0.0000000000000000     
         735   0.0000000000000000     
         736   0.0000000000000000     
         737   0.0000000000000000     
         738   0.0000000000000000     
         739   0.0000000000000000     
         740   0.0000000000000000     
         741   0.0000000000000000     
         742   0.0000000000000000     
         743   0.0000000000000000     
         744   0.0000000000000000     
         745   0.0000000000000000     
         746   0.0000000000000000     
         747   0.0000000000000000     
         748   0.0000000000000000     
         749   0.0000000000000000     
         750   0.0000000000000000     
         751   0.0000000000000000     
         752   0.0000000000000000     
         753   0.0000000000000000     
         754   0.0000000000000000     
         755   0.0000000000000000     
         756   0.0000000000000000     
         757   0.0000000000000000     
         758   0.0000000000000000     
         759   0.0000000000000000     
         760   0.0000000000000000     
         761   0.0000000000000000     
         762   0.0000000000000000     
         763   0.0000000000000000     
         764   0.0000000000000000     
         765   0.0000000000000000     
         766   0.0000000000000000     
         767   0.0000000000000000     
         768   0.0000000000000000     
         769   0.0000000000000000     
         770   0.0000000000000000     
         771   0.0000000000000000     
         772   0.0000000000000000     
         773   0.0000000000000000     
         774   0.0000000000000000     
         775   0.0000000000000000     
         776   0.0000000000000000     
         777   0.0000000000000000     
         778   0.0000000000000000     
         779   0.0000000000000000     
         780   0.0000000000000000     
         781   0.0000000000000000     
         782   0.0000000000000000     
         783   0.0000000000000000     
         784   0.0000000000000000     
         785   0.0000000000000000     
         786   0.0000000000000000     
         787   0.0000000000000000     
         788   0.0000000000000000     
         789   0.0000000000000000     
         790   0.0000000000000000     
         791   0.0000000000000000     
         792   0.0000000000000000     
         793   0.0000000000000000     
         794   0.0000000000000000     
         795   0.0000000000000000     
         796   0.0000000000000000     
         797   0.0000000000000000     
         798   0.0000000000000000     
         799   0.0000000000000000     
         800   0.0000000000000000     
         801   0.0000000000000000     
         802   0.0000000000000000     
         803   0.0000000000000000     
         804   0.0000000000000000     
         805   0.0000000000000000     
         806   0.0000000000000000     
         807   0.0000000000000000     
         808   0.0000000000000000     
         809   0.0000000000000000     
         810   0.0000000000000000     
         811   0.0000000000000000     
         812   0.0000000000000000     
         813   0.0000000000000000     
         814   0.0000000000000000     
         815   0.0000000000000000     
         816   0.0000000000000000     
         817   0.0000000000000000     
         818   0.0000000000000000     
         819   0.0000000000000000     
         820   0.0000000000000000     
         821   0.0000000000000000     
         822   0.0000000000000000     
         823   0.0000000000000000     
         824   0.0000000000000000     
         825   0.0000000000000000     
         826   0.0000000000000000     
         827   0.0000000000000000     
         828   0.0000000000000000     
         829   0.0000000000000000     
         830   0.0000000000000000     
         831   0.0000000000000000     
         832   0.0000000000000000     
         833   0.0000000000000000     
         834   0.0000000000000000     
         835   0.0000000000000000     
         836   0.0000000000000000     
         837   0.0000000000000000     
         838   0.0000000000000000     
         839   0.0000000000000000     
         840   0.0000000000000000     
         841   0.0000000000000000     
         842   0.0000000000000000     
         843   0.0000000000000000     
         844   0.0000000000000000     
         845   0.0000000000000000     
         846   0.0000000000000000     
         847   0.0000000000000000     
         848   0.0000000000000000     
         849   0.0000000000000000     
         850   0.0000000000000000     
         851   0.0000000000000000     
         852   0.0000000000000000     
         853   0.0000000000000000     
         854   0.0000000000000000     
         855   0.0000000000000000     
         856   0.0000000000000000     
         857   0.0000000000000000     
         858   0.0000000000000000     
         859   0.0000000000000000     
         860   0.0000000000000000     
         861   0.0000000000000000     
         862   0.0000000000000000     
         863   0.0000000000000000     
         864   0.0000000000000000     
         865   0.0000000000000000     
         866   0.0000000000000000     
         867   0.0000000000000000     
         868   0.0000000000000000     
         869   0.0000000000000000     
         870   0.0000000000000000     
         871   0.0000000000000000     
         872   0.0000000000000000     
         873   0.0000000000000000     
         874   0.0000000000000000     
         875   0.0000000000000000     
         876   0.0000000000000000     
         877   0.0000000000000000     
         878   0.0000000000000000     
         879   0.0000000000000000     
         880   0.0000000000000000     
         881   0.0000000000000000     
         882   0.0000000000000000     
         883   0.0000000000000000     
         884   0.0000000000000000     
         885   0.0000000000000000     
         886   0.0000000000000000     
         887   0.0000000000000000     
         888   0.0000000000000000     
         889   0.0000000000000000     
         890   0.0000000000000000     
         891   0.0000000000000000     
         892   0.0000000000000000     
         893   0.0000000000000000     
         894   0.0000000000000000     
         895   0.0000000000000000     
         896   0.0000000000000000     
         897   0.0000000000000000     
         898   0.0000000000000000     
         899   0.0000000000000000     
         900   0.0000000000000000     
         901   0.0000000000000000     
         902   0.0000000000000000     
         903   0.0000000000000000     
         904   0.0000000000000000     
         905   0.0000000000000000     
         906   0.0000000000000000     
         907   0.0000000000000000     
         908   0.0000000000000000     
         909   0.0000000000000000     
         910   0.0000000000000000     
         911   0.0000000000000000     
         912   0.0000000000000000     
         913   0.0000000000000000     
         914   0.0000000000000000     
         915   0.0000000000000000     
         916   0.0000000000000000     
         917   0.0000000000000000     
         918   0.0000000000000000     
         919   0.0000000000000000     
         920   0.0000000000000000     
         921   0.0000000000000000     
         922   0.0000000000000000     
         923   0.0000000000000000     
         924   0.0000000000000000     
         925   0.0000000000000000     
         926   0.0000000000000000     
         927   0.0000000000000000     
         928   0.0000000000000000     
         929   0.0000000000000000     
         930   0.0000000000000000     
         931   0.0000000000000000     
         932   0.0000000000000000     
         933   0.0000000000000000     
         934   0.0000000000000000     
         935   0.0000000000000000     
         936   0.0000000000000000     
         937   0.0000000000000000     
         938   0.0000000000000000     
         939   0.0000000000000000     
         940   0.0000000000000000     
         941   0.0000000000000000     
         942   0.0000000000000000     
         943   0.0000000000000000     
         944   0.0000000000000000     
         945   0.0000000000000000     
         946   0.0000000000000000     
         947   0.0000000000000000     
         948   0.0000000000000000     
         949   0.0000000000000000     
         950   0.0000000000000000     
         951   0.0000000000000000     
         952   0.0000000000000000     
         953   0.0000000000000000     
         954   0.0000000000000000     
         955   0.0000000000000000     
         956   0.0000000000000000     
         957   0.0000000000000000     
         958   0.0000000000000000     
         959   0.0000000000000000     
         960   0.0000000000000000     
         961   0.0000000000000000     
         962   0.0000000000000000     
         963   0.0000000000000000     
         964   0.0000000000000000     
         965   0.0000000000000000     
         966   0.0000000000000000     
         967   0.0000000000000000     
         968   0.0000000000000000     
         969   0.0000000000000000     
         970   0.0000000000000000     
         971   0.0000000000000000     
         972   0.0000000000000000     
         973   0.0000000000000000     
         974   0.0000000000000000     
         975   0.0000000000000000     
         976   0.0000000000000000     
         977   0.0000000000000000     
         978   0.0000000000000000     
         979   0.0000000000000000     
         980   0.0000000000000000     
         981   0.0000000000000000     
         982   0.0000000000000000     
         983   0.0000000000000000     
         984   0.0000000000000000     
         985   0.0000000000000000     
         986   0.0000000000000000     
         987   0.0000000000000000     
         988   0.0000000000000000     
         989   0.0000000000000000     
         990   0.0000000000000000     
         991   0.0000000000000000     
         992   0.0000000000000000     
         993   0.0000000000000000     
         994   0.0000000000000000     
         995   0.0000000000000000     
         996   0.0000000000000000     
         997   0.0000000000000000     
         998   0.0000000000000000     
         999   0.0000000000000000     
        1000   0.0000000000000000     
        1001   0.0000000000000000     
        1002   0.0000000000000000     
        1003   0.0000000000000000     
        1004   0.0000000000000000     
        1005   0.0000000000000000     
        1006   0.0000000000000000     
        1007   0.0000000000000000     
        1008   0.0000000000000000     
        1009   0.0000000000000000     
        1010   0.0000000000000000     
        1011   0.0000000000000000     
        1012   0.0000000000000000     
        1013   0.0000000000000000     
        1014   0.0000000000000000     
        1015   0.0000000000000000     
        1016   0.0000000000000000     
        1017   0.0000000000000000     
        1018   0.0000000000000000     
        1019   0.0000000000000000     
        1020   0.0000000000000000     
        1021   0.0000000000000000     
        1022   0.0000000000000000     
        1023   0.0000000000000000     
        1024   0.0000000000000000     
